initial_samples sample height tube remaining_vol
1 1 0.5 1 52.0
2 1 0.5 1 74.0
2 2 0.5 1 54.0
3 1 0.5 1 96.0
3 2 0.5 1 76.0
3 3 0.5 1 56.0
4 1 0.5 1 118.0
4 2 0.5 1 98.0
4 3 0.5 1 78.0
4 4 0.5 1 58.0
5 1 0.5 1 140.0
5 2 0.5 1 120.0
5 3 0.5 1 100.0
5 4 0.5 1 80.0
5 5 0.5 1 60.0
6 1 0.5 1 162.0
6 2 0.5 1 142.0
6 3 0.5 1 122.0
6 4 0.5 1 102.0
6 5 0.5 1 82.0
6 6 0.5 1 62.0
7 1 0.5 1 184.0
7 2 0.5 1 164.0
7 3 0.5 1 144.0
7 4 0.5 1 124.0
7 5 0.5 1 104.0
7 6 0.5 1 84.0
7 7 0.5 1 64.0
8 1 0.5 1 206.0
8 2 0.5 1 186.0
8 3 0.5 1 166.0
8 4 0.5 1 146.0
8 5 0.5 1 126.0
8 6 0.5 1 106.0
8 7 0.5 1 86.0
8 8 0.5 1 66.0
9 1 0.52 1 228.0
9 2 0.5 1 208.0
9 3 0.5 1 188.0
9 4 0.5 1 168.0
9 5 0.5 1 148.0
9 6 0.5 1 128.0
9 7 0.5 1 108.0
9 8 0.5 1 88.0
9 9 0.5 1 68.0
10 1 0.94 1 250.0
10 2 0.56 1 230.0
10 3 0.5 1 210.0
10 4 0.5 1 190.0
10 5 0.5 1 170.0
10 6 0.5 1 150.0
10 7 0.5 1 130.0
10 8 0.5 1 110.0
10 9 0.5 1 90.0
10 10 0.5 1 70.0
11 1 1.35 1 272.0
11 2 0.97 1 252.0
11 3 0.6 1 232.0
11 4 0.5 1 212.0
11 5 0.5 1 192.0
11 6 0.5 1 172.0
11 7 0.5 1 152.0
11 8 0.5 1 132.0
11 9 0.5 1 112.0
11 10 0.5 1 92.0
11 11 0.5 1 72.0
12 1 1.76 1 294.0
12 2 1.38 1 274.0
12 3 1.01 1 254.0
12 4 0.64 1 234.0
12 5 0.5 1 214.0
12 6 0.5 1 194.0
12 7 0.5 1 174.0
12 8 0.5 1 154.0
12 9 0.5 1 134.0
12 10 0.5 1 114.0
12 11 0.5 1 94.0
12 12 0.5 1 74.0
13 1 2.17 1 316.0
13 2 1.8 1 296.0
13 3 1.42 1 276.0
13 4 1.05 1 256.0
13 5 0.67 1 236.0
13 6 0.5 1 216.0
13 7 0.5 1 196.0
13 8 0.5 1 176.0
13 9 0.5 1 156.0
13 10 0.5 1 136.0
13 11 0.5 1 116.0
13 12 0.5 1 96.0
13 13 0.5 1 76.0
14 1 2.58 1 338.0
14 2 2.21 1 318.0
14 3 1.83 1 298.0
14 4 1.46 1 278.0
14 5 1.09 1 258.0
14 6 0.71 1 238.0
14 7 0.5 1 218.0
14 8 0.5 1 198.0
14 9 0.5 1 178.0
14 10 0.5 1 158.0
14 11 0.5 1 138.0
14 12 0.5 1 118.0
14 13 0.5 1 98.0
14 14 0.5 1 78.0
15 1 2.99 1 360.0
15 2 2.62 1 340.0
15 3 2.24 1 320.0
15 4 1.87 1 300.0
15 5 1.5 1 280.0
15 6 1.12 1 260.0
15 7 0.75 1 240.0
15 8 0.5 1 220.0
15 9 0.5 1 200.0
15 10 0.5 1 180.0
15 11 0.5 1 160.0
15 12 0.5 1 140.0
15 13 0.5 1 120.0
15 14 0.5 1 100.0
15 15 0.5 1 80.0
16 1 3.4 1 382.0
16 2 3.03 1 362.0
16 3 2.66 1 342.0
16 4 2.28 1 322.0
16 5 1.91 1 302.0
16 6 1.53 1 282.0
16 7 1.16 1 262.0
16 8 0.79 1 242.0
16 9 0.5 1 222.0
16 10 0.5 1 202.0
16 11 0.5 1 182.0
16 12 0.5 1 162.0
16 13 0.5 1 142.0
16 14 0.5 1 122.0
16 15 0.5 1 102.0
16 16 0.5 1 82.0
17 1 3.82 1 404.0
17 2 3.44 1 384.0
17 3 3.07 1 364.0
17 4 2.69 1 344.0
17 5 2.32 1 324.0
17 6 1.95 1 304.0
17 7 1.57 1 284.0
17 8 1.2 1 264.0
17 9 0.82 1 244.0
17 10 0.5 1 224.0
17 11 0.5 1 204.0
17 12 0.5 1 184.0
17 13 0.5 1 164.0
17 14 0.5 1 144.0
17 15 0.5 1 124.0
17 16 0.5 1 104.0
17 17 0.5 1 84.0
18 1 4.23 1 426.0
18 2 3.85 1 406.0
18 3 3.48 1 386.0
18 4 3.11 1 366.0
18 5 2.73 1 346.0
18 6 2.36 1 326.0
18 7 1.98 1 306.0
18 8 1.61 1 286.0
18 9 1.23 1 266.0
18 10 0.86 1 246.0
18 11 0.5 1 226.0
18 12 0.5 1 206.0
18 13 0.5 1 186.0
18 14 0.5 1 166.0
18 15 0.5 1 146.0
18 16 0.5 1 126.0
18 17 0.5 1 106.0
18 18 0.5 1 86.0
19 1 4.64 1 448.0
19 2 4.27 1 428.0
19 3 3.89 1 408.0
19 4 3.52 1 388.0
19 5 3.14 1 368.0
19 6 2.77 1 348.0
19 7 2.39 1 328.0
19 8 2.02 1 308.0
19 9 1.65 1 288.0
19 10 1.27 1 268.0
19 11 0.9 1 248.0
19 12 0.52 1 228.0
19 13 0.5 1 208.0
19 14 0.5 1 188.0
19 15 0.5 1 168.0
19 16 0.5 1 148.0
19 17 0.5 1 128.0
19 18 0.5 1 108.0
19 19 0.5 1 88.0
20 1 5.05 1 470.0
20 2 4.68 1 450.0
20 3 4.3 1 430.0
20 4 3.93 1 410.0
20 5 3.55 1 390.0
20 6 3.18 1 370.0
20 7 2.81 1 350.0
20 8 2.43 1 330.0
20 9 2.06 1 310.0
20 10 1.68 1 290.0
20 11 1.31 1 270.0
20 12 0.94 1 250.0
20 13 0.56 1 230.0
20 14 0.5 1 210.0
20 15 0.5 1 190.0
20 16 0.5 1 170.0
20 17 0.5 1 150.0
20 18 0.5 1 130.0
20 19 0.5 1 110.0
20 20 0.5 1 90.0
21 1 5.46 1 492.0
21 2 5.09 1 472.0
21 3 4.71 1 452.0
21 4 4.34 1 432.0
21 5 3.97 1 412.0
21 6 3.59 1 392.0
21 7 3.22 1 372.0
21 8 2.84 1 352.0
21 9 2.47 1 332.0
21 10 2.1 1 312.0
21 11 1.72 1 292.0
21 12 1.35 1 272.0
21 13 0.97 1 252.0
21 14 0.6 1 232.0
21 15 0.5 1 212.0
21 16 0.5 1 192.0
21 17 0.5 1 172.0
21 18 0.5 1 152.0
21 19 0.5 1 132.0
21 20 0.5 1 112.0
21 21 0.5 1 92.0
22 1 5.87 1 514.0
22 2 5.5 1 494.0
22 3 5.13 1 474.0
22 4 4.75 1 454.0
22 5 4.38 1 434.0
22 6 4.0 1 414.0
22 7 3.63 1 394.0
22 8 3.26 1 374.0
22 9 2.88 1 354.0
22 10 2.51 1 334.0
22 11 2.13 1 314.0
22 12 1.76 1 294.0
22 13 1.38 1 274.0
22 14 1.01 1 254.0
22 15 0.64 1 234.0
22 16 0.5 1 214.0
22 17 0.5 1 194.0
22 18 0.5 1 174.0
22 19 0.5 1 154.0
22 20 0.5 1 134.0
22 21 0.5 1 114.0
22 22 0.5 1 94.0
23 1 6.29 1 536.0
23 2 5.91 1 516.0
23 3 5.54 1 496.0
23 4 5.16 1 476.0
23 5 4.79 1 456.0
23 6 4.41 1 436.0
23 7 4.04 1 416.0
23 8 3.67 1 396.0
23 9 3.29 1 376.0
23 10 2.92 1 356.0
23 11 2.54 1 336.0
23 12 2.17 1 316.0
23 13 1.8 1 296.0
23 14 1.42 1 276.0
23 15 1.05 1 256.0
23 16 0.67 1 236.0
23 17 0.5 1 216.0
23 18 0.5 1 196.0
23 19 0.5 1 176.0
23 20 0.5 1 156.0
23 21 0.5 1 136.0
23 22 0.5 1 116.0
23 23 0.5 1 96.0
24 1 6.7 1 558.0
24 2 6.32 1 538.0
24 3 5.95 1 518.0
24 4 5.57 1 498.0
24 5 5.2 1 478.0
24 6 4.83 1 458.0
24 7 4.45 1 438.0
24 8 4.08 1 418.0
24 9 3.7 1 398.0
24 10 3.33 1 378.0
24 11 2.96 1 358.0
24 12 2.58 1 338.0
24 13 2.21 1 318.0
24 14 1.83 1 298.0
24 15 1.46 1 278.0
24 16 1.09 1 258.0
24 17 0.71 1 238.0
24 18 0.5 1 218.0
24 19 0.5 1 198.0
24 20 0.5 1 178.0
24 21 0.5 1 158.0
24 22 0.5 1 138.0
24 23 0.5 1 118.0
24 24 0.5 1 98.0
25 1 7.11 1 580.0
25 2 6.73 1 560.0
25 3 6.36 1 540.0
25 4 5.99 1 520.0
25 5 5.61 1 500.0
25 6 5.24 1 480.0
25 7 4.86 1 460.0
25 8 4.49 1 440.0
25 9 4.12 1 420.0
25 10 3.74 1 400.0
25 11 3.37 1 380.0
25 12 2.99 1 360.0
25 13 2.62 1 340.0
25 14 2.24 1 320.0
25 15 1.87 1 300.0
25 16 1.5 1 280.0
25 17 1.12 1 260.0
25 18 0.75 1 240.0
25 19 0.5 1 220.0
25 20 0.5 1 200.0
25 21 0.5 1 180.0
25 22 0.5 1 160.0
25 23 0.5 1 140.0
25 24 0.5 1 120.0
25 25 0.5 1 100.0
26 1 7.52 1 602.0
26 2 7.15 1 582.0
26 3 6.77 1 562.0
26 4 6.4 1 542.0
26 5 6.02 1 522.0
26 6 5.65 1 502.0
26 7 5.28 1 482.0
26 8 4.9 1 462.0
26 9 4.53 1 442.0
26 10 4.15 1 422.0
26 11 3.78 1 402.0
26 12 3.4 1 382.0
26 13 3.03 1 362.0
26 14 2.66 1 342.0
26 15 2.28 1 322.0
26 16 1.91 1 302.0
26 17 1.53 1 282.0
26 18 1.16 1 262.0
26 19 0.79 1 242.0
26 20 0.5 1 222.0
26 21 0.5 1 202.0
26 22 0.5 1 182.0
26 23 0.5 1 162.0
26 24 0.5 1 142.0
26 25 0.5 1 122.0
26 26 0.5 1 102.0
27 1 7.93 1 624.0
27 2 7.56 1 604.0
27 3 7.18 1 584.0
27 4 6.81 1 564.0
27 5 6.44 1 544.0
27 6 6.06 1 524.0
27 7 5.69 1 504.0
27 8 5.31 1 484.0
27 9 4.94 1 464.0
27 10 4.56 1 444.0
27 11 4.19 1 424.0
27 12 3.82 1 404.0
27 13 3.44 1 384.0
27 14 3.07 1 364.0
27 15 2.69 1 344.0
27 16 2.32 1 324.0
27 17 1.95 1 304.0
27 18 1.57 1 284.0
27 19 1.2 1 264.0
27 20 0.82 1 244.0
27 21 0.5 1 224.0
27 22 0.5 1 204.0
27 23 0.5 1 184.0
27 24 0.5 1 164.0
27 25 0.5 1 144.0
27 26 0.5 1 124.0
27 27 0.5 1 104.0
28 1 8.34 1 646.0
28 2 7.97 1 626.0
28 3 7.6 1 606.0
28 4 7.22 1 586.0
28 5 6.85 1 566.0
28 6 6.47 1 546.0
28 7 6.1 1 526.0
28 8 5.72 1 506.0
28 9 5.35 1 486.0
28 10 4.98 1 466.0
28 11 4.6 1 446.0
28 12 4.23 1 426.0
28 13 3.85 1 406.0
28 14 3.48 1 386.0
28 15 3.11 1 366.0
28 16 2.73 1 346.0
28 17 2.36 1 326.0
28 18 1.98 1 306.0
28 19 1.61 1 286.0
28 20 1.23 1 266.0
28 21 0.86 1 246.0
28 22 0.5 1 226.0
28 23 0.5 1 206.0
28 24 0.5 1 186.0
28 25 0.5 1 166.0
28 26 0.5 1 146.0
28 27 0.5 1 126.0
28 28 0.5 1 106.0
29 1 8.75 1 668.0
29 2 8.38 1 648.0
29 3 8.01 1 628.0
29 4 7.63 1 608.0
29 5 7.26 1 588.0
29 6 6.88 1 568.0
29 7 6.51 1 548.0
29 8 6.14 1 528.0
29 9 5.76 1 508.0
29 10 5.39 1 488.0
29 11 5.01 1 468.0
29 12 4.64 1 448.0
29 13 4.27 1 428.0
29 14 3.89 1 408.0
29 15 3.52 1 388.0
29 16 3.14 1 368.0
29 17 2.77 1 348.0
29 18 2.39 1 328.0
29 19 2.02 1 308.0
29 20 1.65 1 288.0
29 21 1.27 1 268.0
29 22 0.9 1 248.0
29 23 0.52 1 228.0
29 24 0.5 1 208.0
29 25 0.5 1 188.0
29 26 0.5 1 168.0
29 27 0.5 1 148.0
29 28 0.5 1 128.0
29 29 0.5 1 108.0
30 1 9.17 1 690.0
30 2 8.79 1 670.0
30 3 8.42 1 650.0
30 4 8.04 1 630.0
30 5 7.67 1 610.0
30 6 7.3 1 590.0
30 7 6.92 1 570.0
30 8 6.55 1 550.0
30 9 6.17 1 530.0
30 10 5.8 1 510.0
30 11 5.43 1 490.0
30 12 5.05 1 470.0
30 13 4.68 1 450.0
30 14 4.3 1 430.0
30 15 3.93 1 410.0
30 16 3.55 1 390.0
30 17 3.18 1 370.0
30 18 2.81 1 350.0
30 19 2.43 1 330.0
30 20 2.06 1 310.0
30 21 1.68 1 290.0
30 22 1.31 1 270.0
30 23 0.94 1 250.0
30 24 0.56 1 230.0
30 25 0.5 1 210.0
30 26 0.5 1 190.0
30 27 0.5 1 170.0
30 28 0.5 1 150.0
30 29 0.5 1 130.0
30 30 0.5 1 110.0
31 1 9.58 1 712.0
31 2 9.2 1 692.0
31 3 8.83 1 672.0
31 4 8.46 1 652.0
31 5 8.08 1 632.0
31 6 7.71 1 612.0
31 7 7.33 1 592.0
31 8 6.96 1 572.0
31 9 6.58 1 552.0
31 10 6.21 1 532.0
31 11 5.84 1 512.0
31 12 5.46 1 492.0
31 13 5.09 1 472.0
31 14 4.71 1 452.0
31 15 4.34 1 432.0
31 16 3.97 1 412.0
31 17 3.59 1 392.0
31 18 3.22 1 372.0
31 19 2.84 1 352.0
31 20 2.47 1 332.0
31 21 2.1 1 312.0
31 22 1.72 1 292.0
31 23 1.35 1 272.0
31 24 0.97 1 252.0
31 25 0.6 1 232.0
31 26 0.5 1 212.0
31 27 0.5 1 192.0
31 28 0.5 1 172.0
31 29 0.5 1 152.0
31 30 0.5 1 132.0
31 31 0.5 1 112.0
32 1 9.99 1 734.0
32 2 9.62 1 714.0
32 3 9.24 1 694.0
32 4 8.87 1 674.0
32 5 8.49 1 654.0
32 6 8.12 1 634.0
32 7 7.74 1 614.0
32 8 7.37 1 594.0
32 9 7.0 1 574.0
32 10 6.62 1 554.0
32 11 6.25 1 534.0
32 12 5.87 1 514.0
32 13 5.5 1 494.0
32 14 5.13 1 474.0
32 15 4.75 1 454.0
32 16 4.38 1 434.0
32 17 4.0 1 414.0
32 18 3.63 1 394.0
32 19 3.26 1 374.0
32 20 2.88 1 354.0
32 21 2.51 1 334.0
32 22 2.13 1 314.0
32 23 1.76 1 294.0
32 24 1.38 1 274.0
32 25 1.01 1 254.0
32 26 0.64 1 234.0
32 27 0.5 1 214.0
32 28 0.5 1 194.0
32 29 0.5 1 174.0
32 30 0.5 1 154.0
32 31 0.5 1 134.0
32 32 0.5 1 114.0
33 1 10.4 1 756.0
33 2 10.03 1 736.0
33 3 9.65 1 716.0
33 4 9.28 1 696.0
33 5 8.9 1 676.0
33 6 8.53 1 656.0
33 7 8.16 1 636.0
33 8 7.78 1 616.0
33 9 7.41 1 596.0
33 10 7.03 1 576.0
33 11 6.66 1 556.0
33 12 6.29 1 536.0
33 13 5.91 1 516.0
33 14 5.54 1 496.0
33 15 5.16 1 476.0
33 16 4.79 1 456.0
33 17 4.41 1 436.0
33 18 4.04 1 416.0
33 19 3.67 1 396.0
33 20 3.29 1 376.0
33 21 2.92 1 356.0
33 22 2.54 1 336.0
33 23 2.17 1 316.0
33 24 1.8 1 296.0
33 25 1.42 1 276.0
33 26 1.05 1 256.0
33 27 0.67 1 236.0
33 28 0.5 1 216.0
33 29 0.5 1 196.0
33 30 0.5 1 176.0
33 31 0.5 1 156.0
33 32 0.5 1 136.0
33 33 0.5 1 116.0
34 1 10.81 1 778.0
34 2 10.44 1 758.0
34 3 10.06 1 738.0
34 4 9.69 1 718.0
34 5 9.32 1 698.0
34 6 8.94 1 678.0
34 7 8.57 1 658.0
34 8 8.19 1 638.0
34 9 7.82 1 618.0
34 10 7.45 1 598.0
34 11 7.07 1 578.0
34 12 6.7 1 558.0
34 13 6.32 1 538.0
34 14 5.95 1 518.0
34 15 5.57 1 498.0
34 16 5.2 1 478.0
34 17 4.83 1 458.0
34 18 4.45 1 438.0
34 19 4.08 1 418.0
34 20 3.7 1 398.0
34 21 3.33 1 378.0
34 22 2.96 1 358.0
34 23 2.58 1 338.0
34 24 2.21 1 318.0
34 25 1.83 1 298.0
34 26 1.46 1 278.0
34 27 1.09 1 258.0
34 28 0.71 1 238.0
34 29 0.5 1 218.0
34 30 0.5 1 198.0
34 31 0.5 1 178.0
34 32 0.5 1 158.0
34 33 0.5 1 138.0
34 34 0.5 1 118.0
35 1 11.22 1 800.0
35 2 10.85 1 780.0
35 3 10.48 1 760.0
35 4 10.1 1 740.0
35 5 9.73 1 720.0
35 6 9.35 1 700.0
35 7 8.98 1 680.0
35 8 8.61 1 660.0
35 9 8.23 1 640.0
35 10 7.86 1 620.0
35 11 7.48 1 600.0
35 12 7.11 1 580.0
35 13 6.73 1 560.0
35 14 6.36 1 540.0
35 15 5.99 1 520.0
35 16 5.61 1 500.0
35 17 5.24 1 480.0
35 18 4.86 1 460.0
35 19 4.49 1 440.0
35 20 4.12 1 420.0
35 21 3.74 1 400.0
35 22 3.37 1 380.0
35 23 2.99 1 360.0
35 24 2.62 1 340.0
35 25 2.24 1 320.0
35 26 1.87 1 300.0
35 27 1.5 1 280.0
35 28 1.12 1 260.0
35 29 0.75 1 240.0
35 30 0.5 1 220.0
35 31 0.5 1 200.0
35 32 0.5 1 180.0
35 33 0.5 1 160.0
35 34 0.5 1 140.0
35 35 0.5 1 120.0
36 1 11.64 1 822.0
36 2 11.26 1 802.0
36 3 10.89 1 782.0
36 4 10.51 1 762.0
36 5 10.14 1 742.0
36 6 9.77 1 722.0
36 7 9.39 1 702.0
36 8 9.02 1 682.0
36 9 8.64 1 662.0
36 10 8.27 1 642.0
36 11 7.89 1 622.0
36 12 7.52 1 602.0
36 13 7.15 1 582.0
36 14 6.77 1 562.0
36 15 6.4 1 542.0
36 16 6.02 1 522.0
36 17 5.65 1 502.0
36 18 5.28 1 482.0
36 19 4.9 1 462.0
36 20 4.53 1 442.0
36 21 4.15 1 422.0
36 22 3.78 1 402.0
36 23 3.4 1 382.0
36 24 3.03 1 362.0
36 25 2.66 1 342.0
36 26 2.28 1 322.0
36 27 1.91 1 302.0
36 28 1.53 1 282.0
36 29 1.16 1 262.0
36 30 0.79 1 242.0
36 31 0.5 1 222.0
36 32 0.5 1 202.0
36 33 0.5 1 182.0
36 34 0.5 1 162.0
36 35 0.5 1 142.0
36 36 0.5 1 122.0
37 1 12.05 1 844.0
37 2 11.67 1 824.0
37 3 11.3 1 804.0
37 4 10.92 1 784.0
37 5 10.55 1 764.0
37 6 10.18 1 744.0
37 7 9.8 1 724.0
37 8 9.43 1 704.0
37 9 9.05 1 684.0
37 10 8.68 1 664.0
37 11 8.31 1 644.0
37 12 7.93 1 624.0
37 13 7.56 1 604.0
37 14 7.18 1 584.0
37 15 6.81 1 564.0
37 16 6.44 1 544.0
37 17 6.06 1 524.0
37 18 5.69 1 504.0
37 19 5.31 1 484.0
37 20 4.94 1 464.0
37 21 4.56 1 444.0
37 22 4.19 1 424.0
37 23 3.82 1 404.0
37 24 3.44 1 384.0
37 25 3.07 1 364.0
37 26 2.69 1 344.0
37 27 2.32 1 324.0
37 28 1.95 1 304.0
37 29 1.57 1 284.0
37 30 1.2 1 264.0
37 31 0.82 1 244.0
37 32 0.5 1 224.0
37 33 0.5 1 204.0
37 34 0.5 1 184.0
37 35 0.5 1 164.0
37 36 0.5 1 144.0
37 37 0.5 1 124.0
38 1 12.46 1 866.0
38 2 12.08 1 846.0
38 3 11.71 1 826.0
38 4 11.34 1 806.0
38 5 10.96 1 786.0
38 6 10.59 1 766.0
38 7 10.21 1 746.0
38 8 9.84 1 726.0
38 9 9.47 1 706.0
38 10 9.09 1 686.0
38 11 8.72 1 666.0
38 12 8.34 1 646.0
38 13 7.97 1 626.0
38 14 7.6 1 606.0
38 15 7.22 1 586.0
38 16 6.85 1 566.0
38 17 6.47 1 546.0
38 18 6.1 1 526.0
38 19 5.72 1 506.0
38 20 5.35 1 486.0
38 21 4.98 1 466.0
38 22 4.6 1 446.0
38 23 4.23 1 426.0
38 24 3.85 1 406.0
38 25 3.48 1 386.0
38 26 3.11 1 366.0
38 27 2.73 1 346.0
38 28 2.36 1 326.0
38 29 1.98 1 306.0
38 30 1.61 1 286.0
38 31 1.23 1 266.0
38 32 0.86 1 246.0
38 33 0.5 1 226.0
38 34 0.5 1 206.0
38 35 0.5 1 186.0
38 36 0.5 1 166.0
38 37 0.5 1 146.0
38 38 0.5 1 126.0
39 1 12.87 1 888.0
39 2 12.5 1 868.0
39 3 12.12 1 848.0
39 4 11.75 1 828.0
39 5 11.37 1 808.0
39 6 11.0 1 788.0
39 7 10.63 1 768.0
39 8 10.25 1 748.0
39 9 9.88 1 728.0
39 10 9.5 1 708.0
39 11 9.13 1 688.0
39 12 8.75 1 668.0
39 13 8.38 1 648.0
39 14 8.01 1 628.0
39 15 7.63 1 608.0
39 16 7.26 1 588.0
39 17 6.88 1 568.0
39 18 6.51 1 548.0
39 19 6.14 1 528.0
39 20 5.76 1 508.0
39 21 5.39 1 488.0
39 22 5.01 1 468.0
39 23 4.64 1 448.0
39 24 4.27 1 428.0
39 25 3.89 1 408.0
39 26 3.52 1 388.0
39 27 3.14 1 368.0
39 28 2.77 1 348.0
39 29 2.39 1 328.0
39 30 2.02 1 308.0
39 31 1.65 1 288.0
39 32 1.27 1 268.0
39 33 0.9 1 248.0
39 34 0.52 1 228.0
39 35 0.5 1 208.0
39 36 0.5 1 188.0
39 37 0.5 1 168.0
39 38 0.5 1 148.0
39 39 0.5 1 128.0
40 1 13.28 1 910.0
40 2 12.91 1 890.0
40 3 12.53 1 870.0
40 4 12.16 1 850.0
40 5 11.79 1 830.0
40 6 11.41 1 810.0
40 7 11.04 1 790.0
40 8 10.66 1 770.0
40 9 10.29 1 750.0
40 10 9.91 1 730.0
40 11 9.54 1 710.0
40 12 9.17 1 690.0
40 13 8.79 1 670.0
40 14 8.42 1 650.0
40 15 8.04 1 630.0
40 16 7.67 1 610.0
40 17 7.3 1 590.0
40 18 6.92 1 570.0
40 19 6.55 1 550.0
40 20 6.17 1 530.0
40 21 5.8 1 510.0
40 22 5.43 1 490.0
40 23 5.05 1 470.0
40 24 4.68 1 450.0
40 25 4.3 1 430.0
40 26 3.93 1 410.0
40 27 3.55 1 390.0
40 28 3.18 1 370.0
40 29 2.81 1 350.0
40 30 2.43 1 330.0
40 31 2.06 1 310.0
40 32 1.68 1 290.0
40 33 1.31 1 270.0
40 34 0.94 1 250.0
40 35 0.56 1 230.0
40 36 0.5 1 210.0
40 37 0.5 1 190.0
40 38 0.5 1 170.0
40 39 0.5 1 150.0
40 40 0.5 1 130.0
41 1 13.69 1 932.0
41 2 13.32 1 912.0
41 3 12.95 1 892.0
41 4 12.57 1 872.0
41 5 12.2 1 852.0
41 6 11.82 1 832.0
41 7 11.45 1 812.0
41 8 11.07 1 792.0
41 9 10.7 1 772.0
41 10 10.33 1 752.0
41 11 9.95 1 732.0
41 12 9.58 1 712.0
41 13 9.2 1 692.0
41 14 8.83 1 672.0
41 15 8.46 1 652.0
41 16 8.08 1 632.0
41 17 7.71 1 612.0
41 18 7.33 1 592.0
41 19 6.96 1 572.0
41 20 6.58 1 552.0
41 21 6.21 1 532.0
41 22 5.84 1 512.0
41 23 5.46 1 492.0
41 24 5.09 1 472.0
41 25 4.71 1 452.0
41 26 4.34 1 432.0
41 27 3.97 1 412.0
41 28 3.59 1 392.0
41 29 3.22 1 372.0
41 30 2.84 1 352.0
41 31 2.47 1 332.0
41 32 2.1 1 312.0
41 33 1.72 1 292.0
41 34 1.35 1 272.0
41 35 0.97 1 252.0
41 36 0.6 1 232.0
41 37 0.5 1 212.0
41 38 0.5 1 192.0
41 39 0.5 1 172.0
41 40 0.5 1 152.0
41 41 0.5 1 132.0
42 1 14.11 1 954.0
42 2 13.73 1 934.0
42 3 13.36 1 914.0
42 4 12.98 1 894.0
42 5 12.61 1 874.0
42 6 12.23 1 854.0
42 7 11.86 1 834.0
42 8 11.49 1 814.0
42 9 11.11 1 794.0
42 10 10.74 1 774.0
42 11 10.36 1 754.0
42 12 9.99 1 734.0
42 13 9.62 1 714.0
42 14 9.24 1 694.0
42 15 8.87 1 674.0
42 16 8.49 1 654.0
42 17 8.12 1 634.0
42 18 7.74 1 614.0
42 19 7.37 1 594.0
42 20 7.0 1 574.0
42 21 6.62 1 554.0
42 22 6.25 1 534.0
42 23 5.87 1 514.0
42 24 5.5 1 494.0
42 25 5.13 1 474.0
42 26 4.75 1 454.0
42 27 4.38 1 434.0
42 28 4.0 1 414.0
42 29 3.63 1 394.0
42 30 3.26 1 374.0
42 31 2.88 1 354.0
42 32 2.51 1 334.0
42 33 2.13 1 314.0
42 34 1.76 1 294.0
42 35 1.38 1 274.0
42 36 1.01 1 254.0
42 37 0.64 1 234.0
42 38 0.5 1 214.0
42 39 0.5 1 194.0
42 40 0.5 1 174.0
42 41 0.5 1 154.0
42 42 0.5 1 134.0
43 1 14.52 1 976.0
43 2 14.14 1 956.0
43 3 13.77 1 936.0
43 4 13.39 1 916.0
43 5 13.02 1 896.0
43 6 12.65 1 876.0
43 7 12.27 1 856.0
43 8 11.9 1 836.0
43 9 11.52 1 816.0
43 10 11.15 1 796.0
43 11 10.78 1 776.0
43 12 10.4 1 756.0
43 13 10.03 1 736.0
43 14 9.65 1 716.0
43 15 9.28 1 696.0
43 16 8.9 1 676.0
43 17 8.53 1 656.0
43 18 8.16 1 636.0
43 19 7.78 1 616.0
43 20 7.41 1 596.0
43 21 7.03 1 576.0
43 22 6.66 1 556.0
43 23 6.29 1 536.0
43 24 5.91 1 516.0
43 25 5.54 1 496.0
43 26 5.16 1 476.0
43 27 4.79 1 456.0
43 28 4.41 1 436.0
43 29 4.04 1 416.0
43 30 3.67 1 396.0
43 31 3.29 1 376.0
43 32 2.92 1 356.0
43 33 2.54 1 336.0
43 34 2.17 1 316.0
43 35 1.8 1 296.0
43 36 1.42 1 276.0
43 37 1.05 1 256.0
43 38 0.67 1 236.0
43 39 0.5 1 216.0
43 40 0.5 1 196.0
43 41 0.5 1 176.0
43 42 0.5 1 156.0
43 43 0.5 1 136.0
44 1 14.93 1 998.0
44 2 14.55 1 978.0
44 3 14.18 1 958.0
44 4 13.81 1 938.0
44 5 13.43 1 918.0
44 6 13.06 1 898.0
44 7 12.68 1 878.0
44 8 12.31 1 858.0
44 9 11.94 1 838.0
44 10 11.56 1 818.0
44 11 11.19 1 798.0
44 12 10.81 1 778.0
44 13 10.44 1 758.0
44 14 10.06 1 738.0
44 15 9.69 1 718.0
44 16 9.32 1 698.0
44 17 8.94 1 678.0
44 18 8.57 1 658.0
44 19 8.19 1 638.0
44 20 7.82 1 618.0
44 21 7.45 1 598.0
44 22 7.07 1 578.0
44 23 6.7 1 558.0
44 24 6.32 1 538.0
44 25 5.95 1 518.0
44 26 5.57 1 498.0
44 27 5.2 1 478.0
44 28 4.83 1 458.0
44 29 4.45 1 438.0
44 30 4.08 1 418.0
44 31 3.7 1 398.0
44 32 3.33 1 378.0
44 33 2.96 1 358.0
44 34 2.58 1 338.0
44 35 2.21 1 318.0
44 36 1.83 1 298.0
44 37 1.46 1 278.0
44 38 1.09 1 258.0
44 39 0.71 1 238.0
44 40 0.5 1 218.0
44 41 0.5 1 198.0
44 42 0.5 1 178.0
44 43 0.5 1 158.0
44 44 0.5 1 138.0
45 1 15.34 1 1020.0
45 2 14.97 1 1000.0
45 3 14.59 1 980.0
45 4 14.22 1 960.0
45 5 13.84 1 940.0
45 6 13.47 1 920.0
45 7 13.09 1 900.0
45 8 12.72 1 880.0
45 9 12.35 1 860.0
45 10 11.97 1 840.0
45 11 11.6 1 820.0
45 12 11.22 1 800.0
45 13 10.85 1 780.0
45 14 10.48 1 760.0
45 15 10.1 1 740.0
45 16 9.73 1 720.0
45 17 9.35 1 700.0
45 18 8.98 1 680.0
45 19 8.61 1 660.0
45 20 8.23 1 640.0
45 21 7.86 1 620.0
45 22 7.48 1 600.0
45 23 7.11 1 580.0
45 24 6.73 1 560.0
45 25 6.36 1 540.0
45 26 5.99 1 520.0
45 27 5.61 1 500.0
45 28 5.24 1 480.0
45 29 4.86 1 460.0
45 30 4.49 1 440.0
45 31 4.12 1 420.0
45 32 3.74 1 400.0
45 33 3.37 1 380.0
45 34 2.99 1 360.0
45 35 2.62 1 340.0
45 36 2.24 1 320.0
45 37 1.87 1 300.0
45 38 1.5 1 280.0
45 39 1.12 1 260.0
45 40 0.75 1 240.0
45 41 0.5 1 220.0
45 42 0.5 1 200.0
45 43 0.5 1 180.0
45 44 0.5 1 160.0
45 45 0.5 1 140.0
46 1 15.75 1 1042.0
46 2 15.38 1 1022.0
46 3 15.0 1 1002.0
46 4 14.63 1 982.0
46 5 14.25 1 962.0
46 6 13.88 1 942.0
46 7 13.51 1 922.0
46 8 13.13 1 902.0
46 9 12.76 1 882.0
46 10 12.38 1 862.0
46 11 12.01 1 842.0
46 12 11.64 1 822.0
46 13 11.26 1 802.0
46 14 10.89 1 782.0
46 15 10.51 1 762.0
46 16 10.14 1 742.0
46 17 9.77 1 722.0
46 18 9.39 1 702.0
46 19 9.02 1 682.0
46 20 8.64 1 662.0
46 21 8.27 1 642.0
46 22 7.89 1 622.0
46 23 7.52 1 602.0
46 24 7.15 1 582.0
46 25 6.77 1 562.0
46 26 6.4 1 542.0
46 27 6.02 1 522.0
46 28 5.65 1 502.0
46 29 5.28 1 482.0
46 30 4.9 1 462.0
46 31 4.53 1 442.0
46 32 4.15 1 422.0
46 33 3.78 1 402.0
46 34 3.4 1 382.0
46 35 3.03 1 362.0
46 36 2.66 1 342.0
46 37 2.28 1 322.0
46 38 1.91 1 302.0
46 39 1.53 1 282.0
46 40 1.16 1 262.0
46 41 0.79 1 242.0
46 42 0.5 1 222.0
46 43 0.5 1 202.0
46 44 0.5 1 182.0
46 45 0.5 1 162.0
46 46 0.5 1 142.0
47 1 16.16 1 1064.0
47 2 15.79 1 1044.0
47 3 15.41 1 1024.0
47 4 15.04 1 1004.0
47 5 14.67 1 984.0
47 6 14.29 1 964.0
47 7 13.92 1 944.0
47 8 13.54 1 924.0
47 9 13.17 1 904.0
47 10 12.8 1 884.0
47 11 12.42 1 864.0
47 12 12.05 1 844.0
47 13 11.67 1 824.0
47 14 11.3 1 804.0
47 15 10.92 1 784.0
47 16 10.55 1 764.0
47 17 10.18 1 744.0
47 18 9.8 1 724.0
47 19 9.43 1 704.0
47 20 9.05 1 684.0
47 21 8.68 1 664.0
47 22 8.31 1 644.0
47 23 7.93 1 624.0
47 24 7.56 1 604.0
47 25 7.18 1 584.0
47 26 6.81 1 564.0
47 27 6.44 1 544.0
47 28 6.06 1 524.0
47 29 5.69 1 504.0
47 30 5.31 1 484.0
47 31 4.94 1 464.0
47 32 4.56 1 444.0
47 33 4.19 1 424.0
47 34 3.82 1 404.0
47 35 3.44 1 384.0
47 36 3.07 1 364.0
47 37 2.69 1 344.0
47 38 2.32 1 324.0
47 39 1.95 1 304.0
47 40 1.57 1 284.0
47 41 1.2 1 264.0
47 42 0.82 1 244.0
47 43 0.5 1 224.0
47 44 0.5 1 204.0
47 45 0.5 1 184.0
47 46 0.5 1 164.0
47 47 0.5 1 144.0
48 1 16.57 1 1086.0
48 2 16.2 1 1066.0
48 3 15.83 1 1046.0
48 4 15.45 1 1026.0
48 5 15.08 1 1006.0
48 6 14.7 1 986.0
48 7 14.33 1 966.0
48 8 13.96 1 946.0
48 9 13.58 1 926.0
48 10 13.21 1 906.0
48 11 12.83 1 886.0
48 12 12.46 1 866.0
48 13 12.08 1 846.0
48 14 11.71 1 826.0
48 15 11.34 1 806.0
48 16 10.96 1 786.0
48 17 10.59 1 766.0
48 18 10.21 1 746.0
48 19 9.84 1 726.0
48 20 9.47 1 706.0
48 21 9.09 1 686.0
48 22 8.72 1 666.0
48 23 8.34 1 646.0
48 24 7.97 1 626.0
48 25 7.6 1 606.0
48 26 7.22 1 586.0
48 27 6.85 1 566.0
48 28 6.47 1 546.0
48 29 6.1 1 526.0
48 30 5.72 1 506.0
48 31 5.35 1 486.0
48 32 4.98 1 466.0
48 33 4.6 1 446.0
48 34 4.23 1 426.0
48 35 3.85 1 406.0
48 36 3.48 1 386.0
48 37 3.11 1 366.0
48 38 2.73 1 346.0
48 39 2.36 1 326.0
48 40 1.98 1 306.0
48 41 1.61 1 286.0
48 42 1.23 1 266.0
48 43 0.86 1 246.0
48 44 0.5 1 226.0
48 45 0.5 1 206.0
48 46 0.5 1 186.0
48 47 0.5 1 166.0
48 48 0.5 1 146.0
49 1 16.99 1 1108.0
49 2 16.61 1 1088.0
49 3 16.24 1 1068.0
49 4 15.86 1 1048.0
49 5 15.49 1 1028.0
49 6 15.12 1 1008.0
49 7 14.74 1 988.0
49 8 14.37 1 968.0
49 9 13.99 1 948.0
49 10 13.62 1 928.0
49 11 13.24 1 908.0
49 12 12.87 1 888.0
49 13 12.5 1 868.0
49 14 12.12 1 848.0
49 15 11.75 1 828.0
49 16 11.37 1 808.0
49 17 11.0 1 788.0
49 18 10.63 1 768.0
49 19 10.25 1 748.0
49 20 9.88 1 728.0
49 21 9.5 1 708.0
49 22 9.13 1 688.0
49 23 8.75 1 668.0
49 24 8.38 1 648.0
49 25 8.01 1 628.0
49 26 7.63 1 608.0
49 27 7.26 1 588.0
49 28 6.88 1 568.0
49 29 6.51 1 548.0
49 30 6.14 1 528.0
49 31 5.76 1 508.0
49 32 5.39 1 488.0
49 33 5.01 1 468.0
49 34 4.64 1 448.0
49 35 4.27 1 428.0
49 36 3.89 1 408.0
49 37 3.52 1 388.0
49 38 3.14 1 368.0
49 39 2.77 1 348.0
49 40 2.39 1 328.0
49 41 2.02 1 308.0
49 42 1.65 1 288.0
49 43 1.27 1 268.0
49 44 0.9 1 248.0
49 45 0.52 1 228.0
49 46 0.5 1 208.0
49 47 0.5 1 188.0
49 48 0.5 1 168.0
49 49 0.5 1 148.0
50 1 17.4 1 1130.0
50 2 17.02 1 1110.0
50 3 16.65 1 1090.0
50 4 16.28 1 1070.0
50 5 15.9 1 1050.0
50 6 15.53 1 1030.0
50 7 15.15 1 1010.0
50 8 14.78 1 990.0
50 9 14.4 1 970.0
50 10 14.03 1 950.0
50 11 13.66 1 930.0
50 12 13.28 1 910.0
50 13 12.91 1 890.0
50 14 12.53 1 870.0
50 15 12.16 1 850.0
50 16 11.79 1 830.0
50 17 11.41 1 810.0
50 18 11.04 1 790.0
50 19 10.66 1 770.0
50 20 10.29 1 750.0
50 21 9.91 1 730.0
50 22 9.54 1 710.0
50 23 9.17 1 690.0
50 24 8.79 1 670.0
50 25 8.42 1 650.0
50 26 8.04 1 630.0
50 27 7.67 1 610.0
50 28 7.3 1 590.0
50 29 6.92 1 570.0
50 30 6.55 1 550.0
50 31 6.17 1 530.0
50 32 5.8 1 510.0
50 33 5.43 1 490.0
50 34 5.05 1 470.0
50 35 4.68 1 450.0
50 36 4.3 1 430.0
50 37 3.93 1 410.0
50 38 3.55 1 390.0
50 39 3.18 1 370.0
50 40 2.81 1 350.0
50 41 2.43 1 330.0
50 42 2.06 1 310.0
50 43 1.68 1 290.0
50 44 1.31 1 270.0
50 45 0.94 1 250.0
50 46 0.56 1 230.0
50 47 0.5 1 210.0
50 48 0.5 1 190.0
50 49 0.5 1 170.0
50 50 0.5 1 150.0
51 1 17.81 1 1152.0
51 2 17.43 1 1132.0
51 3 17.06 1 1112.0
51 4 16.69 1 1092.0
51 5 16.31 1 1072.0
51 6 15.94 1 1052.0
51 7 15.56 1 1032.0
51 8 15.19 1 1012.0
51 9 14.82 1 992.0
51 10 14.44 1 972.0
51 11 14.07 1 952.0
51 12 13.69 1 932.0
51 13 13.32 1 912.0
51 14 12.95 1 892.0
51 15 12.57 1 872.0
51 16 12.2 1 852.0
51 17 11.82 1 832.0
51 18 11.45 1 812.0
51 19 11.07 1 792.0
51 20 10.7 1 772.0
51 21 10.33 1 752.0
51 22 9.95 1 732.0
51 23 9.58 1 712.0
51 24 9.2 1 692.0
51 25 8.83 1 672.0
51 26 8.46 1 652.0
51 27 8.08 1 632.0
51 28 7.71 1 612.0
51 29 7.33 1 592.0
51 30 6.96 1 572.0
51 31 6.58 1 552.0
51 32 6.21 1 532.0
51 33 5.84 1 512.0
51 34 5.46 1 492.0
51 35 5.09 1 472.0
51 36 4.71 1 452.0
51 37 4.34 1 432.0
51 38 3.97 1 412.0
51 39 3.59 1 392.0
51 40 3.22 1 372.0
51 41 2.84 1 352.0
51 42 2.47 1 332.0
51 43 2.1 1 312.0
51 44 1.72 1 292.0
51 45 1.35 1 272.0
51 46 0.97 1 252.0
51 47 0.6 1 232.0
51 48 0.5 1 212.0
51 49 0.5 1 192.0
51 50 0.5 1 172.0
51 51 0.5 1 152.0
52 1 18.22 1 1174.0
52 2 17.85 1 1154.0
52 3 17.47 1 1134.0
52 4 17.1 1 1114.0
52 5 16.72 1 1094.0
52 6 16.35 1 1074.0
52 7 15.98 1 1054.0
52 8 15.6 1 1034.0
52 9 15.23 1 1014.0
52 10 14.85 1 994.0
52 11 14.48 1 974.0
52 12 14.11 1 954.0
52 13 13.73 1 934.0
52 14 13.36 1 914.0
52 15 12.98 1 894.0
52 16 12.61 1 874.0
52 17 12.23 1 854.0
52 18 11.86 1 834.0
52 19 11.49 1 814.0
52 20 11.11 1 794.0
52 21 10.74 1 774.0
52 22 10.36 1 754.0
52 23 9.99 1 734.0
52 24 9.62 1 714.0
52 25 9.24 1 694.0
52 26 8.87 1 674.0
52 27 8.49 1 654.0
52 28 8.12 1 634.0
52 29 7.74 1 614.0
52 30 7.37 1 594.0
52 31 7.0 1 574.0
52 32 6.62 1 554.0
52 33 6.25 1 534.0
52 34 5.87 1 514.0
52 35 5.5 1 494.0
52 36 5.13 1 474.0
52 37 4.75 1 454.0
52 38 4.38 1 434.0
52 39 4.0 1 414.0
52 40 3.63 1 394.0
52 41 3.26 1 374.0
52 42 2.88 1 354.0
52 43 2.51 1 334.0
52 44 2.13 1 314.0
52 45 1.76 1 294.0
52 46 1.38 1 274.0
52 47 1.01 1 254.0
52 48 0.64 1 234.0
52 49 0.5 1 214.0
52 50 0.5 1 194.0
52 51 0.5 1 174.0
52 52 0.5 1 154.0
53 1 18.63 1 1196.0
53 2 18.26 1 1176.0
53 3 17.88 1 1156.0
53 4 17.51 1 1136.0
53 5 17.14 1 1116.0
53 6 16.76 1 1096.0
53 7 16.39 1 1076.0
53 8 16.01 1 1056.0
53 9 15.64 1 1036.0
53 10 15.26 1 1016.0
53 11 14.89 1 996.0
53 12 14.52 1 976.0
53 13 14.14 1 956.0
53 14 13.77 1 936.0
53 15 13.39 1 916.0
53 16 13.02 1 896.0
53 17 12.65 1 876.0
53 18 12.27 1 856.0
53 19 11.9 1 836.0
53 20 11.52 1 816.0
53 21 11.15 1 796.0
53 22 10.78 1 776.0
53 23 10.4 1 756.0
53 24 10.03 1 736.0
53 25 9.65 1 716.0
53 26 9.28 1 696.0
53 27 8.9 1 676.0
53 28 8.53 1 656.0
53 29 8.16 1 636.0
53 30 7.78 1 616.0
53 31 7.41 1 596.0
53 32 7.03 1 576.0
53 33 6.66 1 556.0
53 34 6.29 1 536.0
53 35 5.91 1 516.0
53 36 5.54 1 496.0
53 37 5.16 1 476.0
53 38 4.79 1 456.0
53 39 4.41 1 436.0
53 40 4.04 1 416.0
53 41 3.67 1 396.0
53 42 3.29 1 376.0
53 43 2.92 1 356.0
53 44 2.54 1 336.0
53 45 2.17 1 316.0
53 46 1.8 1 296.0
53 47 1.42 1 276.0
53 48 1.05 1 256.0
53 49 0.67 1 236.0
53 50 0.5 1 216.0
53 51 0.5 1 196.0
53 52 0.5 1 176.0
53 53 0.5 1 156.0
54 1 19.04 1 1218.0
54 2 18.67 1 1198.0
54 3 18.3 1 1178.0
54 4 17.92 1 1158.0
54 5 17.55 1 1138.0
54 6 17.17 1 1118.0
54 7 16.8 1 1098.0
54 8 16.42 1 1078.0
54 9 16.05 1 1058.0
54 10 15.68 1 1038.0
54 11 15.3 1 1018.0
54 12 14.93 1 998.0
54 13 14.55 1 978.0
54 14 14.18 1 958.0
54 15 13.81 1 938.0
54 16 13.43 1 918.0
54 17 13.06 1 898.0
54 18 12.68 1 878.0
54 19 12.31 1 858.0
54 20 11.94 1 838.0
54 21 11.56 1 818.0
54 22 11.19 1 798.0
54 23 10.81 1 778.0
54 24 10.44 1 758.0
54 25 10.06 1 738.0
54 26 9.69 1 718.0
54 27 9.32 1 698.0
54 28 8.94 1 678.0
54 29 8.57 1 658.0
54 30 8.19 1 638.0
54 31 7.82 1 618.0
54 32 7.45 1 598.0
54 33 7.07 1 578.0
54 34 6.7 1 558.0
54 35 6.32 1 538.0
54 36 5.95 1 518.0
54 37 5.57 1 498.0
54 38 5.2 1 478.0
54 39 4.83 1 458.0
54 40 4.45 1 438.0
54 41 4.08 1 418.0
54 42 3.7 1 398.0
54 43 3.33 1 378.0
54 44 2.96 1 358.0
54 45 2.58 1 338.0
54 46 2.21 1 318.0
54 47 1.83 1 298.0
54 48 1.46 1 278.0
54 49 1.09 1 258.0
54 50 0.71 1 238.0
54 51 0.5 1 218.0
54 52 0.5 1 198.0
54 53 0.5 1 178.0
54 54 0.5 1 158.0
55 1 19.46 1 1240.0
55 2 19.08 1 1220.0
55 3 18.71 1 1200.0
55 4 18.33 1 1180.0
55 5 17.96 1 1160.0
55 6 17.58 1 1140.0
55 7 17.21 1 1120.0
55 8 16.84 1 1100.0
55 9 16.46 1 1080.0
55 10 16.09 1 1060.0
55 11 15.71 1 1040.0
55 12 15.34 1 1020.0
55 13 14.97 1 1000.0
55 14 14.59 1 980.0
55 15 14.22 1 960.0
55 16 13.84 1 940.0
55 17 13.47 1 920.0
55 18 13.09 1 900.0
55 19 12.72 1 880.0
55 20 12.35 1 860.0
55 21 11.97 1 840.0
55 22 11.6 1 820.0
55 23 11.22 1 800.0
55 24 10.85 1 780.0
55 25 10.48 1 760.0
55 26 10.1 1 740.0
55 27 9.73 1 720.0
55 28 9.35 1 700.0
55 29 8.98 1 680.0
55 30 8.61 1 660.0
55 31 8.23 1 640.0
55 32 7.86 1 620.0
55 33 7.48 1 600.0
55 34 7.11 1 580.0
55 35 6.73 1 560.0
55 36 6.36 1 540.0
55 37 5.99 1 520.0
55 38 5.61 1 500.0
55 39 5.24 1 480.0
55 40 4.86 1 460.0
55 41 4.49 1 440.0
55 42 4.12 1 420.0
55 43 3.74 1 400.0
55 44 3.37 1 380.0
55 45 2.99 1 360.0
55 46 2.62 1 340.0
55 47 2.24 1 320.0
55 48 1.87 1 300.0
55 49 1.5 1 280.0
55 50 1.12 1 260.0
55 51 0.75 1 240.0
55 52 0.5 1 220.0
55 53 0.5 1 200.0
55 54 0.5 1 180.0
55 55 0.5 1 160.0
56 1 19.87 1 1262.0
56 2 19.49 1 1242.0
56 3 19.12 1 1222.0
56 4 18.74 1 1202.0
56 5 18.37 1 1182.0
56 6 18.0 1 1162.0
56 7 17.62 1 1142.0
56 8 17.25 1 1122.0
56 9 16.87 1 1102.0
56 10 16.5 1 1082.0
56 11 16.13 1 1062.0
56 12 15.75 1 1042.0
56 13 15.38 1 1022.0
56 14 15.0 1 1002.0
56 15 14.63 1 982.0
56 16 14.25 1 962.0
56 17 13.88 1 942.0
56 18 13.51 1 922.0
56 19 13.13 1 902.0
56 20 12.76 1 882.0
56 21 12.38 1 862.0
56 22 12.01 1 842.0
56 23 11.64 1 822.0
56 24 11.26 1 802.0
56 25 10.89 1 782.0
56 26 10.51 1 762.0
56 27 10.14 1 742.0
56 28 9.77 1 722.0
56 29 9.39 1 702.0
56 30 9.02 1 682.0
56 31 8.64 1 662.0
56 32 8.27 1 642.0
56 33 7.89 1 622.0
56 34 7.52 1 602.0
56 35 7.15 1 582.0
56 36 6.77 1 562.0
56 37 6.4 1 542.0
56 38 6.02 1 522.0
56 39 5.65 1 502.0
56 40 5.28 1 482.0
56 41 4.9 1 462.0
56 42 4.53 1 442.0
56 43 4.15 1 422.0
56 44 3.78 1 402.0
56 45 3.4 1 382.0
56 46 3.03 1 362.0
56 47 2.66 1 342.0
56 48 2.28 1 322.0
56 49 1.91 1 302.0
56 50 1.53 1 282.0
56 51 1.16 1 262.0
56 52 0.79 1 242.0
56 53 0.5 1 222.0
56 54 0.5 1 202.0
56 55 0.5 1 182.0
56 56 0.5 1 162.0
57 1 20.28 1 1284.0
57 2 19.9 1 1264.0
57 3 19.53 1 1244.0
57 4 19.16 1 1224.0
57 5 18.78 1 1204.0
57 6 18.41 1 1184.0
57 7 18.03 1 1164.0
57 8 17.66 1 1144.0
57 9 17.29 1 1124.0
57 10 16.91 1 1104.0
57 11 16.54 1 1084.0
57 12 16.16 1 1064.0
57 13 15.79 1 1044.0
57 14 15.41 1 1024.0
57 15 15.04 1 1004.0
57 16 14.67 1 984.0
57 17 14.29 1 964.0
57 18 13.92 1 944.0
57 19 13.54 1 924.0
57 20 13.17 1 904.0
57 21 12.8 1 884.0
57 22 12.42 1 864.0
57 23 12.05 1 844.0
57 24 11.67 1 824.0
57 25 11.3 1 804.0
57 26 10.92 1 784.0
57 27 10.55 1 764.0
57 28 10.18 1 744.0
57 29 9.8 1 724.0
57 30 9.43 1 704.0
57 31 9.05 1 684.0
57 32 8.68 1 664.0
57 33 8.31 1 644.0
57 34 7.93 1 624.0
57 35 7.56 1 604.0
57 36 7.18 1 584.0
57 37 6.81 1 564.0
57 38 6.44 1 544.0
57 39 6.06 1 524.0
57 40 5.69 1 504.0
57 41 5.31 1 484.0
57 42 4.94 1 464.0
57 43 4.56 1 444.0
57 44 4.19 1 424.0
57 45 3.82 1 404.0
57 46 3.44 1 384.0
57 47 3.07 1 364.0
57 48 2.69 1 344.0
57 49 2.32 1 324.0
57 50 1.95 1 304.0
57 51 1.57 1 284.0
57 52 1.2 1 264.0
57 53 0.82 1 244.0
57 54 0.5 1 224.0
57 55 0.5 1 204.0
57 56 0.5 1 184.0
57 57 0.5 1 164.0
58 1 20.69 1 1306.0
58 2 20.32 1 1286.0
58 3 19.94 1 1266.0
58 4 19.57 1 1246.0
58 5 19.19 1 1226.0
58 6 18.82 1 1206.0
58 7 18.45 1 1186.0
58 8 18.07 1 1166.0
58 9 17.7 1 1146.0
58 10 17.32 1 1126.0
58 11 16.95 1 1106.0
58 12 16.57 1 1086.0
58 13 16.2 1 1066.0
58 14 15.83 1 1046.0
58 15 15.45 1 1026.0
58 16 15.08 1 1006.0
58 17 14.7 1 986.0
58 18 14.33 1 966.0
58 19 13.96 1 946.0
58 20 13.58 1 926.0
58 21 13.21 1 906.0
58 22 12.83 1 886.0
58 23 12.46 1 866.0
58 24 12.08 1 846.0
58 25 11.71 1 826.0
58 26 11.34 1 806.0
58 27 10.96 1 786.0
58 28 10.59 1 766.0
58 29 10.21 1 746.0
58 30 9.84 1 726.0
58 31 9.47 1 706.0
58 32 9.09 1 686.0
58 33 8.72 1 666.0
58 34 8.34 1 646.0
58 35 7.97 1 626.0
58 36 7.6 1 606.0
58 37 7.22 1 586.0
58 38 6.85 1 566.0
58 39 6.47 1 546.0
58 40 6.1 1 526.0
58 41 5.72 1 506.0
58 42 5.35 1 486.0
58 43 4.98 1 466.0
58 44 4.6 1 446.0
58 45 4.23 1 426.0
58 46 3.85 1 406.0
58 47 3.48 1 386.0
58 48 3.11 1 366.0
58 49 2.73 1 346.0
58 50 2.36 1 326.0
58 51 1.98 1 306.0
58 52 1.61 1 286.0
58 53 1.23 1 266.0
58 54 0.86 1 246.0
58 55 0.5 1 226.0
58 56 0.5 1 206.0
58 57 0.5 1 186.0
58 58 0.5 1 166.0
59 1 21.1 1 1328.0
59 2 20.73 1 1308.0
59 3 20.35 1 1288.0
59 4 19.98 1 1268.0
59 5 19.6 1 1248.0
59 6 19.23 1 1228.0
59 7 18.86 1 1208.0
59 8 18.48 1 1188.0
59 9 18.11 1 1168.0
59 10 17.73 1 1148.0
59 11 17.36 1 1128.0
59 12 16.99 1 1108.0
59 13 16.61 1 1088.0
59 14 16.24 1 1068.0
59 15 15.86 1 1048.0
59 16 15.49 1 1028.0
59 17 15.12 1 1008.0
59 18 14.74 1 988.0
59 19 14.37 1 968.0
59 20 13.99 1 948.0
59 21 13.62 1 928.0
59 22 13.24 1 908.0
59 23 12.87 1 888.0
59 24 12.5 1 868.0
59 25 12.12 1 848.0
59 26 11.75 1 828.0
59 27 11.37 1 808.0
59 28 11.0 1 788.0
59 29 10.63 1 768.0
59 30 10.25 1 748.0
59 31 9.88 1 728.0
59 32 9.5 1 708.0
59 33 9.13 1 688.0
59 34 8.75 1 668.0
59 35 8.38 1 648.0
59 36 8.01 1 628.0
59 37 7.63 1 608.0
59 38 7.26 1 588.0
59 39 6.88 1 568.0
59 40 6.51 1 548.0
59 41 6.14 1 528.0
59 42 5.76 1 508.0
59 43 5.39 1 488.0
59 44 5.01 1 468.0
59 45 4.64 1 448.0
59 46 4.27 1 428.0
59 47 3.89 1 408.0
59 48 3.52 1 388.0
59 49 3.14 1 368.0
59 50 2.77 1 348.0
59 51 2.39 1 328.0
59 52 2.02 1 308.0
59 53 1.65 1 288.0
59 54 1.27 1 268.0
59 55 0.9 1 248.0
59 56 0.52 1 228.0
59 57 0.5 1 208.0
59 58 0.5 1 188.0
59 59 0.5 1 168.0
60 1 21.51 1 1350.0
60 2 21.14 1 1330.0
60 3 20.76 1 1310.0
60 4 20.39 1 1290.0
60 5 20.02 1 1270.0
60 6 19.64 1 1250.0
60 7 19.27 1 1230.0
60 8 18.89 1 1210.0
60 9 18.52 1 1190.0
60 10 18.15 1 1170.0
60 11 17.77 1 1150.0
60 12 17.4 1 1130.0
60 13 17.02 1 1110.0
60 14 16.65 1 1090.0
60 15 16.28 1 1070.0
60 16 15.9 1 1050.0
60 17 15.53 1 1030.0
60 18 15.15 1 1010.0
60 19 14.78 1 990.0
60 20 14.4 1 970.0
60 21 14.03 1 950.0
60 22 13.66 1 930.0
60 23 13.28 1 910.0
60 24 12.91 1 890.0
60 25 12.53 1 870.0
60 26 12.16 1 850.0
60 27 11.79 1 830.0
60 28 11.41 1 810.0
60 29 11.04 1 790.0
60 30 10.66 1 770.0
60 31 10.29 1 750.0
60 32 9.91 1 730.0
60 33 9.54 1 710.0
60 34 9.17 1 690.0
60 35 8.79 1 670.0
60 36 8.42 1 650.0
60 37 8.04 1 630.0
60 38 7.67 1 610.0
60 39 7.3 1 590.0
60 40 6.92 1 570.0
60 41 6.55 1 550.0
60 42 6.17 1 530.0
60 43 5.8 1 510.0
60 44 5.43 1 490.0
60 45 5.05 1 470.0
60 46 4.68 1 450.0
60 47 4.3 1 430.0
60 48 3.93 1 410.0
60 49 3.55 1 390.0
60 50 3.18 1 370.0
60 51 2.81 1 350.0
60 52 2.43 1 330.0
60 53 2.06 1 310.0
60 54 1.68 1 290.0
60 55 1.31 1 270.0
60 56 0.94 1 250.0
60 57 0.56 1 230.0
60 58 0.5 1 210.0
60 59 0.5 1 190.0
60 60 0.5 1 170.0
61 1 21.92 1 1372.0
61 2 21.55 1 1352.0
61 3 21.18 1 1332.0
61 4 20.8 1 1312.0
61 5 20.43 1 1292.0
61 6 20.05 1 1272.0
61 7 19.68 1 1252.0
61 8 19.31 1 1232.0
61 9 18.93 1 1212.0
61 10 18.56 1 1192.0
61 11 18.18 1 1172.0
61 12 17.81 1 1152.0
61 13 17.43 1 1132.0
61 14 17.06 1 1112.0
61 15 16.69 1 1092.0
61 16 16.31 1 1072.0
61 17 15.94 1 1052.0
61 18 15.56 1 1032.0
61 19 15.19 1 1012.0
61 20 14.82 1 992.0
61 21 14.44 1 972.0
61 22 14.07 1 952.0
61 23 13.69 1 932.0
61 24 13.32 1 912.0
61 25 12.95 1 892.0
61 26 12.57 1 872.0
61 27 12.2 1 852.0
61 28 11.82 1 832.0
61 29 11.45 1 812.0
61 30 11.07 1 792.0
61 31 10.7 1 772.0
61 32 10.33 1 752.0
61 33 9.95 1 732.0
61 34 9.58 1 712.0
61 35 9.2 1 692.0
61 36 8.83 1 672.0
61 37 8.46 1 652.0
61 38 8.08 1 632.0
61 39 7.71 1 612.0
61 40 7.33 1 592.0
61 41 6.96 1 572.0
61 42 6.58 1 552.0
61 43 6.21 1 532.0
61 44 5.84 1 512.0
61 45 5.46 1 492.0
61 46 5.09 1 472.0
61 47 4.71 1 452.0
61 48 4.34 1 432.0
61 49 3.97 1 412.0
61 50 3.59 1 392.0
61 51 3.22 1 372.0
61 52 2.84 1 352.0
61 53 2.47 1 332.0
61 54 2.1 1 312.0
61 55 1.72 1 292.0
61 56 1.35 1 272.0
61 57 0.97 1 252.0
61 58 0.6 1 232.0
61 59 0.5 1 212.0
61 60 0.5 1 192.0
61 61 0.5 1 172.0
62 1 22.34 1 1394.0
62 2 21.96 1 1374.0
62 3 21.59 1 1354.0
62 4 21.21 1 1334.0
62 5 20.84 1 1314.0
62 6 20.47 1 1294.0
62 7 20.09 1 1274.0
62 8 19.72 1 1254.0
62 9 19.34 1 1234.0
62 10 18.97 1 1214.0
62 11 18.59 1 1194.0
62 12 18.22 1 1174.0
62 13 17.85 1 1154.0
62 14 17.47 1 1134.0
62 15 17.1 1 1114.0
62 16 16.72 1 1094.0
62 17 16.35 1 1074.0
62 18 15.98 1 1054.0
62 19 15.6 1 1034.0
62 20 15.23 1 1014.0
62 21 14.85 1 994.0
62 22 14.48 1 974.0
62 23 14.11 1 954.0
62 24 13.73 1 934.0
62 25 13.36 1 914.0
62 26 12.98 1 894.0
62 27 12.61 1 874.0
62 28 12.23 1 854.0
62 29 11.86 1 834.0
62 30 11.49 1 814.0
62 31 11.11 1 794.0
62 32 10.74 1 774.0
62 33 10.36 1 754.0
62 34 9.99 1 734.0
62 35 9.62 1 714.0
62 36 9.24 1 694.0
62 37 8.87 1 674.0
62 38 8.49 1 654.0
62 39 8.12 1 634.0
62 40 7.74 1 614.0
62 41 7.37 1 594.0
62 42 7.0 1 574.0
62 43 6.62 1 554.0
62 44 6.25 1 534.0
62 45 5.87 1 514.0
62 46 5.5 1 494.0
62 47 5.13 1 474.0
62 48 4.75 1 454.0
62 49 4.38 1 434.0
62 50 4.0 1 414.0
62 51 3.63 1 394.0
62 52 3.26 1 374.0
62 53 2.88 1 354.0
62 54 2.51 1 334.0
62 55 2.13 1 314.0
62 56 1.76 1 294.0
62 57 1.38 1 274.0
62 58 1.01 1 254.0
62 59 0.64 1 234.0
62 60 0.5 1 214.0
62 61 0.5 1 194.0
62 62 0.5 1 174.0
63 1 22.75 1 1416.0
63 2 22.37 1 1396.0
63 3 22.0 1 1376.0
63 4 21.63 1 1356.0
63 5 21.25 1 1336.0
63 6 20.88 1 1316.0
63 7 20.5 1 1296.0
63 8 20.13 1 1276.0
63 9 19.75 1 1256.0
63 10 19.38 1 1236.0
63 11 19.01 1 1216.0
63 12 18.63 1 1196.0
63 13 18.26 1 1176.0
63 14 17.88 1 1156.0
63 15 17.51 1 1136.0
63 16 17.14 1 1116.0
63 17 16.76 1 1096.0
63 18 16.39 1 1076.0
63 19 16.01 1 1056.0
63 20 15.64 1 1036.0
63 21 15.26 1 1016.0
63 22 14.89 1 996.0
63 23 14.52 1 976.0
63 24 14.14 1 956.0
63 25 13.77 1 936.0
63 26 13.39 1 916.0
63 27 13.02 1 896.0
63 28 12.65 1 876.0
63 29 12.27 1 856.0
63 30 11.9 1 836.0
63 31 11.52 1 816.0
63 32 11.15 1 796.0
63 33 10.78 1 776.0
63 34 10.4 1 756.0
63 35 10.03 1 736.0
63 36 9.65 1 716.0
63 37 9.28 1 696.0
63 38 8.9 1 676.0
63 39 8.53 1 656.0
63 40 8.16 1 636.0
63 41 7.78 1 616.0
63 42 7.41 1 596.0
63 43 7.03 1 576.0
63 44 6.66 1 556.0
63 45 6.29 1 536.0
63 46 5.91 1 516.0
63 47 5.54 1 496.0
63 48 5.16 1 476.0
63 49 4.79 1 456.0
63 50 4.41 1 436.0
63 51 4.04 1 416.0
63 52 3.67 1 396.0
63 53 3.29 1 376.0
63 54 2.92 1 356.0
63 55 2.54 1 336.0
63 56 2.17 1 316.0
63 57 1.8 1 296.0
63 58 1.42 1 276.0
63 59 1.05 1 256.0
63 60 0.67 1 236.0
63 61 0.5 1 216.0
63 62 0.5 1 196.0
63 63 0.5 1 176.0
64 1 23.16 1 1438.0
64 2 22.79 1 1418.0
64 3 22.41 1 1398.0
64 4 22.04 1 1378.0
64 5 21.66 1 1358.0
64 6 21.29 1 1338.0
64 7 20.91 1 1318.0
64 8 20.54 1 1298.0
64 9 20.17 1 1278.0
64 10 19.79 1 1258.0
64 11 19.42 1 1238.0
64 12 19.04 1 1218.0
64 13 18.67 1 1198.0
64 14 18.3 1 1178.0
64 15 17.92 1 1158.0
64 16 17.55 1 1138.0
64 17 17.17 1 1118.0
64 18 16.8 1 1098.0
64 19 16.42 1 1078.0
64 20 16.05 1 1058.0
64 21 15.68 1 1038.0
64 22 15.3 1 1018.0
64 23 14.93 1 998.0
64 24 14.55 1 978.0
64 25 14.18 1 958.0
64 26 13.81 1 938.0
64 27 13.43 1 918.0
64 28 13.06 1 898.0
64 29 12.68 1 878.0
64 30 12.31 1 858.0
64 31 11.94 1 838.0
64 32 11.56 1 818.0
64 33 11.19 1 798.0
64 34 10.81 1 778.0
64 35 10.44 1 758.0
64 36 10.06 1 738.0
64 37 9.69 1 718.0
64 38 9.32 1 698.0
64 39 8.94 1 678.0
64 40 8.57 1 658.0
64 41 8.19 1 638.0
64 42 7.82 1 618.0
64 43 7.45 1 598.0
64 44 7.07 1 578.0
64 45 6.7 1 558.0
64 46 6.32 1 538.0
64 47 5.95 1 518.0
64 48 5.57 1 498.0
64 49 5.2 1 478.0
64 50 4.83 1 458.0
64 51 4.45 1 438.0
64 52 4.08 1 418.0
64 53 3.7 1 398.0
64 54 3.33 1 378.0
64 55 2.96 1 358.0
64 56 2.58 1 338.0
64 57 2.21 1 318.0
64 58 1.83 1 298.0
64 59 1.46 1 278.0
64 60 1.09 1 258.0
64 61 0.71 1 238.0
64 62 0.5 1 218.0
64 63 0.5 1 198.0
64 64 0.5 1 178.0
65 1 23.57 1 1460.0
65 2 23.2 1 1440.0
65 3 22.82 1 1420.0
65 4 22.45 1 1400.0
65 5 22.07 1 1380.0
65 6 21.7 1 1360.0
65 7 21.33 1 1340.0
65 8 20.95 1 1320.0
65 9 20.58 1 1300.0
65 10 20.2 1 1280.0
65 11 19.83 1 1260.0
65 12 19.46 1 1240.0
65 13 19.08 1 1220.0
65 14 18.71 1 1200.0
65 15 18.33 1 1180.0
65 16 17.96 1 1160.0
65 17 17.58 1 1140.0
65 18 17.21 1 1120.0
65 19 16.84 1 1100.0
65 20 16.46 1 1080.0
65 21 16.09 1 1060.0
65 22 15.71 1 1040.0
65 23 15.34 1 1020.0
65 24 14.97 1 1000.0
65 25 14.59 1 980.0
65 26 14.22 1 960.0
65 27 13.84 1 940.0
65 28 13.47 1 920.0
65 29 13.09 1 900.0
65 30 12.72 1 880.0
65 31 12.35 1 860.0
65 32 11.97 1 840.0
65 33 11.6 1 820.0
65 34 11.22 1 800.0
65 35 10.85 1 780.0
65 36 10.48 1 760.0
65 37 10.1 1 740.0
65 38 9.73 1 720.0
65 39 9.35 1 700.0
65 40 8.98 1 680.0
65 41 8.61 1 660.0
65 42 8.23 1 640.0
65 43 7.86 1 620.0
65 44 7.48 1 600.0
65 45 7.11 1 580.0
65 46 6.73 1 560.0
65 47 6.36 1 540.0
65 48 5.99 1 520.0
65 49 5.61 1 500.0
65 50 5.24 1 480.0
65 51 4.86 1 460.0
65 52 4.49 1 440.0
65 53 4.12 1 420.0
65 54 3.74 1 400.0
65 55 3.37 1 380.0
65 56 2.99 1 360.0
65 57 2.62 1 340.0
65 58 2.24 1 320.0
65 59 1.87 1 300.0
65 60 1.5 1 280.0
65 61 1.12 1 260.0
65 62 0.75 1 240.0
65 63 0.5 1 220.0
65 64 0.5 1 200.0
65 65 0.5 1 180.0
66 1 23.98 1 1482.0
66 2 23.61 1 1462.0
66 3 23.23 1 1442.0
66 4 22.86 1 1422.0
66 5 22.49 1 1402.0
66 6 22.11 1 1382.0
66 7 21.74 1 1362.0
66 8 21.36 1 1342.0
66 9 20.99 1 1322.0
66 10 20.62 1 1302.0
66 11 20.24 1 1282.0
66 12 19.87 1 1262.0
66 13 19.49 1 1242.0
66 14 19.12 1 1222.0
66 15 18.74 1 1202.0
66 16 18.37 1 1182.0
66 17 18.0 1 1162.0
66 18 17.62 1 1142.0
66 19 17.25 1 1122.0
66 20 16.87 1 1102.0
66 21 16.5 1 1082.0
66 22 16.13 1 1062.0
66 23 15.75 1 1042.0
66 24 15.38 1 1022.0
66 25 15.0 1 1002.0
66 26 14.63 1 982.0
66 27 14.25 1 962.0
66 28 13.88 1 942.0
66 29 13.51 1 922.0
66 30 13.13 1 902.0
66 31 12.76 1 882.0
66 32 12.38 1 862.0
66 33 12.01 1 842.0
66 34 11.64 1 822.0
66 35 11.26 1 802.0
66 36 10.89 1 782.0
66 37 10.51 1 762.0
66 38 10.14 1 742.0
66 39 9.77 1 722.0
66 40 9.39 1 702.0
66 41 9.02 1 682.0
66 42 8.64 1 662.0
66 43 8.27 1 642.0
66 44 7.89 1 622.0
66 45 7.52 1 602.0
66 46 7.15 1 582.0
66 47 6.77 1 562.0
66 48 6.4 1 542.0
66 49 6.02 1 522.0
66 50 5.65 1 502.0
66 51 5.28 1 482.0
66 52 4.9 1 462.0
66 53 4.53 1 442.0
66 54 4.15 1 422.0
66 55 3.78 1 402.0
66 56 3.4 1 382.0
66 57 3.03 1 362.0
66 58 2.66 1 342.0
66 59 2.28 1 322.0
66 60 1.91 1 302.0
66 61 1.53 1 282.0
66 62 1.16 1 262.0
66 63 0.79 1 242.0
66 64 0.5 1 222.0
66 65 0.5 1 202.0
66 66 0.5 1 182.0
67 1 24.39 1 1504.0
67 2 24.02 1 1484.0
67 3 23.65 1 1464.0
67 4 23.27 1 1444.0
67 5 22.9 1 1424.0
67 6 22.52 1 1404.0
67 7 22.15 1 1384.0
67 8 21.77 1 1364.0
67 9 21.4 1 1344.0
67 10 21.03 1 1324.0
67 11 20.65 1 1304.0
67 12 20.28 1 1284.0
67 13 19.9 1 1264.0
67 14 19.53 1 1244.0
67 15 19.16 1 1224.0
67 16 18.78 1 1204.0
67 17 18.41 1 1184.0
67 18 18.03 1 1164.0
67 19 17.66 1 1144.0
67 20 17.29 1 1124.0
67 21 16.91 1 1104.0
67 22 16.54 1 1084.0
67 23 16.16 1 1064.0
67 24 15.79 1 1044.0
67 25 15.41 1 1024.0
67 26 15.04 1 1004.0
67 27 14.67 1 984.0
67 28 14.29 1 964.0
67 29 13.92 1 944.0
67 30 13.54 1 924.0
67 31 13.17 1 904.0
67 32 12.8 1 884.0
67 33 12.42 1 864.0
67 34 12.05 1 844.0
67 35 11.67 1 824.0
67 36 11.3 1 804.0
67 37 10.92 1 784.0
67 38 10.55 1 764.0
67 39 10.18 1 744.0
67 40 9.8 1 724.0
67 41 9.43 1 704.0
67 42 9.05 1 684.0
67 43 8.68 1 664.0
67 44 8.31 1 644.0
67 45 7.93 1 624.0
67 46 7.56 1 604.0
67 47 7.18 1 584.0
67 48 6.81 1 564.0
67 49 6.44 1 544.0
67 50 6.06 1 524.0
67 51 5.69 1 504.0
67 52 5.31 1 484.0
67 53 4.94 1 464.0
67 54 4.56 1 444.0
67 55 4.19 1 424.0
67 56 3.82 1 404.0
67 57 3.44 1 384.0
67 58 3.07 1 364.0
67 59 2.69 1 344.0
67 60 2.32 1 324.0
67 61 1.95 1 304.0
67 62 1.57 1 284.0
67 63 1.2 1 264.0
67 64 0.82 1 244.0
67 65 0.5 1 224.0
67 66 0.5 1 204.0
67 67 0.5 1 184.0
68 1 24.81 1 1526.0
68 2 24.43 1 1506.0
68 3 24.06 1 1486.0
68 4 23.68 1 1466.0
68 5 23.31 1 1446.0
68 6 22.93 1 1426.0
68 7 22.56 1 1406.0
68 8 22.19 1 1386.0
68 9 21.81 1 1366.0
68 10 21.44 1 1346.0
68 11 21.06 1 1326.0
68 12 20.69 1 1306.0
68 13 20.32 1 1286.0
68 14 19.94 1 1266.0
68 15 19.57 1 1246.0
68 16 19.19 1 1226.0
68 17 18.82 1 1206.0
68 18 18.45 1 1186.0
68 19 18.07 1 1166.0
68 20 17.7 1 1146.0
68 21 17.32 1 1126.0
68 22 16.95 1 1106.0
68 23 16.57 1 1086.0
68 24 16.2 1 1066.0
68 25 15.83 1 1046.0
68 26 15.45 1 1026.0
68 27 15.08 1 1006.0
68 28 14.7 1 986.0
68 29 14.33 1 966.0
68 30 13.96 1 946.0
68 31 13.58 1 926.0
68 32 13.21 1 906.0
68 33 12.83 1 886.0
68 34 12.46 1 866.0
68 35 12.08 1 846.0
68 36 11.71 1 826.0
68 37 11.34 1 806.0
68 38 10.96 1 786.0
68 39 10.59 1 766.0
68 40 10.21 1 746.0
68 41 9.84 1 726.0
68 42 9.47 1 706.0
68 43 9.09 1 686.0
68 44 8.72 1 666.0
68 45 8.34 1 646.0
68 46 7.97 1 626.0
68 47 7.6 1 606.0
68 48 7.22 1 586.0
68 49 6.85 1 566.0
68 50 6.47 1 546.0
68 51 6.1 1 526.0
68 52 5.72 1 506.0
68 53 5.35 1 486.0
68 54 4.98 1 466.0
68 55 4.6 1 446.0
68 56 4.23 1 426.0
68 57 3.85 1 406.0
68 58 3.48 1 386.0
68 59 3.11 1 366.0
68 60 2.73 1 346.0
68 61 2.36 1 326.0
68 62 1.98 1 306.0
68 63 1.61 1 286.0
68 64 1.23 1 266.0
68 65 0.86 1 246.0
68 66 0.5 1 226.0
68 67 0.5 1 206.0
68 68 0.5 1 186.0
69 1 25.22 1 1548.0
69 2 24.84 1 1528.0
69 3 24.47 1 1508.0
69 4 24.09 1 1488.0
69 5 23.72 1 1468.0
69 6 23.35 1 1448.0
69 7 22.97 1 1428.0
69 8 22.6 1 1408.0
69 9 22.22 1 1388.0
69 10 21.85 1 1368.0
69 11 21.48 1 1348.0
69 12 21.1 1 1328.0
69 13 20.73 1 1308.0
69 14 20.35 1 1288.0
69 15 19.98 1 1268.0
69 16 19.6 1 1248.0
69 17 19.23 1 1228.0
69 18 18.86 1 1208.0
69 19 18.48 1 1188.0
69 20 18.11 1 1168.0
69 21 17.73 1 1148.0
69 22 17.36 1 1128.0
69 23 16.99 1 1108.0
69 24 16.61 1 1088.0
69 25 16.24 1 1068.0
69 26 15.86 1 1048.0
69 27 15.49 1 1028.0
69 28 15.12 1 1008.0
69 29 14.74 1 988.0
69 30 14.37 1 968.0
69 31 13.99 1 948.0
69 32 13.62 1 928.0
69 33 13.24 1 908.0
69 34 12.87 1 888.0
69 35 12.5 1 868.0
69 36 12.12 1 848.0
69 37 11.75 1 828.0
69 38 11.37 1 808.0
69 39 11.0 1 788.0
69 40 10.63 1 768.0
69 41 10.25 1 748.0
69 42 9.88 1 728.0
69 43 9.5 1 708.0
69 44 9.13 1 688.0
69 45 8.75 1 668.0
69 46 8.38 1 648.0
69 47 8.01 1 628.0
69 48 7.63 1 608.0
69 49 7.26 1 588.0
69 50 6.88 1 568.0
69 51 6.51 1 548.0
69 52 6.14 1 528.0
69 53 5.76 1 508.0
69 54 5.39 1 488.0
69 55 5.01 1 468.0
69 56 4.64 1 448.0
69 57 4.27 1 428.0
69 58 3.89 1 408.0
69 59 3.52 1 388.0
69 60 3.14 1 368.0
69 61 2.77 1 348.0
69 62 2.39 1 328.0
69 63 2.02 1 308.0
69 64 1.65 1 288.0
69 65 1.27 1 268.0
69 66 0.9 1 248.0
69 67 0.52 1 228.0
69 68 0.5 1 208.0
69 69 0.5 1 188.0
70 1 25.63 1 1570.0
70 2 25.25 1 1550.0
70 3 24.88 1 1530.0
70 4 24.51 1 1510.0
70 5 24.13 1 1490.0
70 6 23.76 1 1470.0
70 7 23.38 1 1450.0
70 8 23.01 1 1430.0
70 9 22.64 1 1410.0
70 10 22.26 1 1390.0
70 11 21.89 1 1370.0
70 12 21.51 1 1350.0
70 13 21.14 1 1330.0
70 14 20.76 1 1310.0
70 15 20.39 1 1290.0
70 16 20.02 1 1270.0
70 17 19.64 1 1250.0
70 18 19.27 1 1230.0
70 19 18.89 1 1210.0
70 20 18.52 1 1190.0
70 21 18.15 1 1170.0
70 22 17.77 1 1150.0
70 23 17.4 1 1130.0
70 24 17.02 1 1110.0
70 25 16.65 1 1090.0
70 26 16.28 1 1070.0
70 27 15.9 1 1050.0
70 28 15.53 1 1030.0
70 29 15.15 1 1010.0
70 30 14.78 1 990.0
70 31 14.4 1 970.0
70 32 14.03 1 950.0
70 33 13.66 1 930.0
70 34 13.28 1 910.0
70 35 12.91 1 890.0
70 36 12.53 1 870.0
70 37 12.16 1 850.0
70 38 11.79 1 830.0
70 39 11.41 1 810.0
70 40 11.04 1 790.0
70 41 10.66 1 770.0
70 42 10.29 1 750.0
70 43 9.91 1 730.0
70 44 9.54 1 710.0
70 45 9.17 1 690.0
70 46 8.79 1 670.0
70 47 8.42 1 650.0
70 48 8.04 1 630.0
70 49 7.67 1 610.0
70 50 7.3 1 590.0
70 51 6.92 1 570.0
70 52 6.55 1 550.0
70 53 6.17 1 530.0
70 54 5.8 1 510.0
70 55 5.43 1 490.0
70 56 5.05 1 470.0
70 57 4.68 1 450.0
70 58 4.3 1 430.0
70 59 3.93 1 410.0
70 60 3.55 1 390.0
70 61 3.18 1 370.0
70 62 2.81 1 350.0
70 63 2.43 1 330.0
70 64 2.06 1 310.0
70 65 1.68 1 290.0
70 66 1.31 1 270.0
70 67 0.94 1 250.0
70 68 0.56 1 230.0
70 69 0.5 1 210.0
70 70 0.5 1 190.0
71 1 26.04 1 1592.0
71 2 25.67 1 1572.0
71 3 25.29 1 1552.0
71 4 24.92 1 1532.0
71 5 24.54 1 1512.0
71 6 24.17 1 1492.0
71 7 23.8 1 1472.0
71 8 23.42 1 1452.0
71 9 23.05 1 1432.0
71 10 22.67 1 1412.0
71 11 22.3 1 1392.0
71 12 21.92 1 1372.0
71 13 21.55 1 1352.0
71 14 21.18 1 1332.0
71 15 20.8 1 1312.0
71 16 20.43 1 1292.0
71 17 20.05 1 1272.0
71 18 19.68 1 1252.0
71 19 19.31 1 1232.0
71 20 18.93 1 1212.0
71 21 18.56 1 1192.0
71 22 18.18 1 1172.0
71 23 17.81 1 1152.0
71 24 17.43 1 1132.0
71 25 17.06 1 1112.0
71 26 16.69 1 1092.0
71 27 16.31 1 1072.0
71 28 15.94 1 1052.0
71 29 15.56 1 1032.0
71 30 15.19 1 1012.0
71 31 14.82 1 992.0
71 32 14.44 1 972.0
71 33 14.07 1 952.0
71 34 13.69 1 932.0
71 35 13.32 1 912.0
71 36 12.95 1 892.0
71 37 12.57 1 872.0
71 38 12.2 1 852.0
71 39 11.82 1 832.0
71 40 11.45 1 812.0
71 41 11.07 1 792.0
71 42 10.7 1 772.0
71 43 10.33 1 752.0
71 44 9.95 1 732.0
71 45 9.58 1 712.0
71 46 9.2 1 692.0
71 47 8.83 1 672.0
71 48 8.46 1 652.0
71 49 8.08 1 632.0
71 50 7.71 1 612.0
71 51 7.33 1 592.0
71 52 6.96 1 572.0
71 53 6.58 1 552.0
71 54 6.21 1 532.0
71 55 5.84 1 512.0
71 56 5.46 1 492.0
71 57 5.09 1 472.0
71 58 4.71 1 452.0
71 59 4.34 1 432.0
71 60 3.97 1 412.0
71 61 3.59 1 392.0
71 62 3.22 1 372.0
71 63 2.84 1 352.0
71 64 2.47 1 332.0
71 65 2.1 1 312.0
71 66 1.72 1 292.0
71 67 1.35 1 272.0
71 68 0.97 1 252.0
71 69 0.6 1 232.0
71 70 0.5 1 212.0
71 71 0.5 1 192.0
72 1 26.45 1 1614.0
72 2 26.08 1 1594.0
72 3 25.7 1 1574.0
72 4 25.33 1 1554.0
72 5 24.96 1 1534.0
72 6 24.58 1 1514.0
72 7 24.21 1 1494.0
72 8 23.83 1 1474.0
72 9 23.46 1 1454.0
72 10 23.08 1 1434.0
72 11 22.71 1 1414.0
72 12 22.34 1 1394.0
72 13 21.96 1 1374.0
72 14 21.59 1 1354.0
72 15 21.21 1 1334.0
72 16 20.84 1 1314.0
72 17 20.47 1 1294.0
72 18 20.09 1 1274.0
72 19 19.72 1 1254.0
72 20 19.34 1 1234.0
72 21 18.97 1 1214.0
72 22 18.59 1 1194.0
72 23 18.22 1 1174.0
72 24 17.85 1 1154.0
72 25 17.47 1 1134.0
72 26 17.1 1 1114.0
72 27 16.72 1 1094.0
72 28 16.35 1 1074.0
72 29 15.98 1 1054.0
72 30 15.6 1 1034.0
72 31 15.23 1 1014.0
72 32 14.85 1 994.0
72 33 14.48 1 974.0
72 34 14.11 1 954.0
72 35 13.73 1 934.0
72 36 13.36 1 914.0
72 37 12.98 1 894.0
72 38 12.61 1 874.0
72 39 12.23 1 854.0
72 40 11.86 1 834.0
72 41 11.49 1 814.0
72 42 11.11 1 794.0
72 43 10.74 1 774.0
72 44 10.36 1 754.0
72 45 9.99 1 734.0
72 46 9.62 1 714.0
72 47 9.24 1 694.0
72 48 8.87 1 674.0
72 49 8.49 1 654.0
72 50 8.12 1 634.0
72 51 7.74 1 614.0
72 52 7.37 1 594.0
72 53 7.0 1 574.0
72 54 6.62 1 554.0
72 55 6.25 1 534.0
72 56 5.87 1 514.0
72 57 5.5 1 494.0
72 58 5.13 1 474.0
72 59 4.75 1 454.0
72 60 4.38 1 434.0
72 61 4.0 1 414.0
72 62 3.63 1 394.0
72 63 3.26 1 374.0
72 64 2.88 1 354.0
72 65 2.51 1 334.0
72 66 2.13 1 314.0
72 67 1.76 1 294.0
72 68 1.38 1 274.0
72 69 1.01 1 254.0
72 70 0.64 1 234.0
72 71 0.5 1 214.0
72 72 0.5 1 194.0
73 1 26.86 1 1636.0
73 2 26.49 1 1616.0
73 3 26.11 1 1596.0
73 4 25.74 1 1576.0
73 5 25.37 1 1556.0
73 6 24.99 1 1536.0
73 7 24.62 1 1516.0
73 8 24.24 1 1496.0
73 9 23.87 1 1476.0
73 10 23.5 1 1456.0
73 11 23.12 1 1436.0
73 12 22.75 1 1416.0
73 13 22.37 1 1396.0
73 14 22.0 1 1376.0
73 15 21.63 1 1356.0
73 16 21.25 1 1336.0
73 17 20.88 1 1316.0
73 18 20.5 1 1296.0
73 19 20.13 1 1276.0
73 20 19.75 1 1256.0
73 21 19.38 1 1236.0
73 22 19.01 1 1216.0
73 23 18.63 1 1196.0
73 24 18.26 1 1176.0
73 25 17.88 1 1156.0
73 26 17.51 1 1136.0
73 27 17.14 1 1116.0
73 28 16.76 1 1096.0
73 29 16.39 1 1076.0
73 30 16.01 1 1056.0
73 31 15.64 1 1036.0
73 32 15.26 1 1016.0
73 33 14.89 1 996.0
73 34 14.52 1 976.0
73 35 14.14 1 956.0
73 36 13.77 1 936.0
73 37 13.39 1 916.0
73 38 13.02 1 896.0
73 39 12.65 1 876.0
73 40 12.27 1 856.0
73 41 11.9 1 836.0
73 42 11.52 1 816.0
73 43 11.15 1 796.0
73 44 10.78 1 776.0
73 45 10.4 1 756.0
73 46 10.03 1 736.0
73 47 9.65 1 716.0
73 48 9.28 1 696.0
73 49 8.9 1 676.0
73 50 8.53 1 656.0
73 51 8.16 1 636.0
73 52 7.78 1 616.0
73 53 7.41 1 596.0
73 54 7.03 1 576.0
73 55 6.66 1 556.0
73 56 6.29 1 536.0
73 57 5.91 1 516.0
73 58 5.54 1 496.0
73 59 5.16 1 476.0
73 60 4.79 1 456.0
73 61 4.41 1 436.0
73 62 4.04 1 416.0
73 63 3.67 1 396.0
73 64 3.29 1 376.0
73 65 2.92 1 356.0
73 66 2.54 1 336.0
73 67 2.17 1 316.0
73 68 1.8 1 296.0
73 69 1.42 1 276.0
73 70 1.05 1 256.0
73 71 0.67 1 236.0
73 72 0.5 1 216.0
73 73 0.5 1 196.0
74 1 27.27 1 1658.0
74 2 26.9 1 1638.0
74 3 26.53 1 1618.0
74 4 26.15 1 1598.0
74 5 25.78 1 1578.0
74 6 25.4 1 1558.0
74 7 25.03 1 1538.0
74 8 24.66 1 1518.0
74 9 24.28 1 1498.0
74 10 23.91 1 1478.0
74 11 23.53 1 1458.0
74 12 23.16 1 1438.0
74 13 22.79 1 1418.0
74 14 22.41 1 1398.0
74 15 22.04 1 1378.0
74 16 21.66 1 1358.0
74 17 21.29 1 1338.0
74 18 20.91 1 1318.0
74 19 20.54 1 1298.0
74 20 20.17 1 1278.0
74 21 19.79 1 1258.0
74 22 19.42 1 1238.0
74 23 19.04 1 1218.0
74 24 18.67 1 1198.0
74 25 18.3 1 1178.0
74 26 17.92 1 1158.0
74 27 17.55 1 1138.0
74 28 17.17 1 1118.0
74 29 16.8 1 1098.0
74 30 16.42 1 1078.0
74 31 16.05 1 1058.0
74 32 15.68 1 1038.0
74 33 15.3 1 1018.0
74 34 14.93 1 998.0
74 35 14.55 1 978.0
74 36 14.18 1 958.0
74 37 13.81 1 938.0
74 38 13.43 1 918.0
74 39 13.06 1 898.0
74 40 12.68 1 878.0
74 41 12.31 1 858.0
74 42 11.94 1 838.0
74 43 11.56 1 818.0
74 44 11.19 1 798.0
74 45 10.81 1 778.0
74 46 10.44 1 758.0
74 47 10.06 1 738.0
74 48 9.69 1 718.0
74 49 9.32 1 698.0
74 50 8.94 1 678.0
74 51 8.57 1 658.0
74 52 8.19 1 638.0
74 53 7.82 1 618.0
74 54 7.45 1 598.0
74 55 7.07 1 578.0
74 56 6.7 1 558.0
74 57 6.32 1 538.0
74 58 5.95 1 518.0
74 59 5.57 1 498.0
74 60 5.2 1 478.0
74 61 4.83 1 458.0
74 62 4.45 1 438.0
74 63 4.08 1 418.0
74 64 3.7 1 398.0
74 65 3.33 1 378.0
74 66 2.96 1 358.0
74 67 2.58 1 338.0
74 68 2.21 1 318.0
74 69 1.83 1 298.0
74 70 1.46 1 278.0
74 71 1.09 1 258.0
74 72 0.71 1 238.0
74 73 0.5 1 218.0
74 74 0.5 1 198.0
75 1 27.69 1 1680.0
75 2 27.31 1 1660.0
75 3 26.94 1 1640.0
75 4 26.56 1 1620.0
75 5 26.19 1 1600.0
75 6 25.82 1 1580.0
75 7 25.44 1 1560.0
75 8 25.07 1 1540.0
75 9 24.69 1 1520.0
75 10 24.32 1 1500.0
75 11 23.94 1 1480.0
75 12 23.57 1 1460.0
75 13 23.2 1 1440.0
75 14 22.82 1 1420.0
75 15 22.45 1 1400.0
75 16 22.07 1 1380.0
75 17 21.7 1 1360.0
75 18 21.33 1 1340.0
75 19 20.95 1 1320.0
75 20 20.58 1 1300.0
75 21 20.2 1 1280.0
75 22 19.83 1 1260.0
75 23 19.46 1 1240.0
75 24 19.08 1 1220.0
75 25 18.71 1 1200.0
75 26 18.33 1 1180.0
75 27 17.96 1 1160.0
75 28 17.58 1 1140.0
75 29 17.21 1 1120.0
75 30 16.84 1 1100.0
75 31 16.46 1 1080.0
75 32 16.09 1 1060.0
75 33 15.71 1 1040.0
75 34 15.34 1 1020.0
75 35 14.97 1 1000.0
75 36 14.59 1 980.0
75 37 14.22 1 960.0
75 38 13.84 1 940.0
75 39 13.47 1 920.0
75 40 13.09 1 900.0
75 41 12.72 1 880.0
75 42 12.35 1 860.0
75 43 11.97 1 840.0
75 44 11.6 1 820.0
75 45 11.22 1 800.0
75 46 10.85 1 780.0
75 47 10.48 1 760.0
75 48 10.1 1 740.0
75 49 9.73 1 720.0
75 50 9.35 1 700.0
75 51 8.98 1 680.0
75 52 8.61 1 660.0
75 53 8.23 1 640.0
75 54 7.86 1 620.0
75 55 7.48 1 600.0
75 56 7.11 1 580.0
75 57 6.73 1 560.0
75 58 6.36 1 540.0
75 59 5.99 1 520.0
75 60 5.61 1 500.0
75 61 5.24 1 480.0
75 62 4.86 1 460.0
75 63 4.49 1 440.0
75 64 4.12 1 420.0
75 65 3.74 1 400.0
75 66 3.37 1 380.0
75 67 2.99 1 360.0
75 68 2.62 1 340.0
75 69 2.24 1 320.0
75 70 1.87 1 300.0
75 71 1.5 1 280.0
75 72 1.12 1 260.0
75 73 0.75 1 240.0
75 74 0.5 1 220.0
75 75 0.5 1 200.0
76 1 28.1 1 1702.0
76 2 27.72 1 1682.0
76 3 27.35 1 1662.0
76 4 26.98 1 1642.0
76 5 26.6 1 1622.0
76 6 26.23 1 1602.0
76 7 25.85 1 1582.0
76 8 25.48 1 1562.0
76 9 25.1 1 1542.0
76 10 24.73 1 1522.0
76 11 24.36 1 1502.0
76 12 23.98 1 1482.0
76 13 23.61 1 1462.0
76 14 23.23 1 1442.0
76 15 22.86 1 1422.0
76 16 22.49 1 1402.0
76 17 22.11 1 1382.0
76 18 21.74 1 1362.0
76 19 21.36 1 1342.0
76 20 20.99 1 1322.0
76 21 20.62 1 1302.0
76 22 20.24 1 1282.0
76 23 19.87 1 1262.0
76 24 19.49 1 1242.0
76 25 19.12 1 1222.0
76 26 18.74 1 1202.0
76 27 18.37 1 1182.0
76 28 18.0 1 1162.0
76 29 17.62 1 1142.0
76 30 17.25 1 1122.0
76 31 16.87 1 1102.0
76 32 16.5 1 1082.0
76 33 16.13 1 1062.0
76 34 15.75 1 1042.0
76 35 15.38 1 1022.0
76 36 15.0 1 1002.0
76 37 14.63 1 982.0
76 38 14.25 1 962.0
76 39 13.88 1 942.0
76 40 13.51 1 922.0
76 41 13.13 1 902.0
76 42 12.76 1 882.0
76 43 12.38 1 862.0
76 44 12.01 1 842.0
76 45 11.64 1 822.0
76 46 11.26 1 802.0
76 47 10.89 1 782.0
76 48 10.51 1 762.0
76 49 10.14 1 742.0
76 50 9.77 1 722.0
76 51 9.39 1 702.0
76 52 9.02 1 682.0
76 53 8.64 1 662.0
76 54 8.27 1 642.0
76 55 7.89 1 622.0
76 56 7.52 1 602.0
76 57 7.15 1 582.0
76 58 6.77 1 562.0
76 59 6.4 1 542.0
76 60 6.02 1 522.0
76 61 5.65 1 502.0
76 62 5.28 1 482.0
76 63 4.9 1 462.0
76 64 4.53 1 442.0
76 65 4.15 1 422.0
76 66 3.78 1 402.0
76 67 3.4 1 382.0
76 68 3.03 1 362.0
76 69 2.66 1 342.0
76 70 2.28 1 322.0
76 71 1.91 1 302.0
76 72 1.53 1 282.0
76 73 1.16 1 262.0
76 74 0.79 1 242.0
76 75 0.5 1 222.0
76 76 0.5 1 202.0
77 1 28.51 1 1724.0
77 2 28.14 1 1704.0
77 3 27.76 1 1684.0
77 4 27.39 1 1664.0
77 5 27.01 1 1644.0
77 6 26.64 1 1624.0
77 7 26.26 1 1604.0
77 8 25.89 1 1584.0
77 9 25.52 1 1564.0
77 10 25.14 1 1544.0
77 11 24.77 1 1524.0
77 12 24.39 1 1504.0
77 13 24.02 1 1484.0
77 14 23.65 1 1464.0
77 15 23.27 1 1444.0
77 16 22.9 1 1424.0
77 17 22.52 1 1404.0
77 18 22.15 1 1384.0
77 19 21.77 1 1364.0
77 20 21.4 1 1344.0
77 21 21.03 1 1324.0
77 22 20.65 1 1304.0
77 23 20.28 1 1284.0
77 24 19.9 1 1264.0
77 25 19.53 1 1244.0
77 26 19.16 1 1224.0
77 27 18.78 1 1204.0
77 28 18.41 1 1184.0
77 29 18.03 1 1164.0
77 30 17.66 1 1144.0
77 31 17.29 1 1124.0
77 32 16.91 1 1104.0
77 33 16.54 1 1084.0
77 34 16.16 1 1064.0
77 35 15.79 1 1044.0
77 36 15.41 1 1024.0
77 37 15.04 1 1004.0
77 38 14.67 1 984.0
77 39 14.29 1 964.0
77 40 13.92 1 944.0
77 41 13.54 1 924.0
77 42 13.17 1 904.0
77 43 12.8 1 884.0
77 44 12.42 1 864.0
77 45 12.05 1 844.0
77 46 11.67 1 824.0
77 47 11.3 1 804.0
77 48 10.92 1 784.0
77 49 10.55 1 764.0
77 50 10.18 1 744.0
77 51 9.8 1 724.0
77 52 9.43 1 704.0
77 53 9.05 1 684.0
77 54 8.68 1 664.0
77 55 8.31 1 644.0
77 56 7.93 1 624.0
77 57 7.56 1 604.0
77 58 7.18 1 584.0
77 59 6.81 1 564.0
77 60 6.44 1 544.0
77 61 6.06 1 524.0
77 62 5.69 1 504.0
77 63 5.31 1 484.0
77 64 4.94 1 464.0
77 65 4.56 1 444.0
77 66 4.19 1 424.0
77 67 3.82 1 404.0
77 68 3.44 1 384.0
77 69 3.07 1 364.0
77 70 2.69 1 344.0
77 71 2.32 1 324.0
77 72 1.95 1 304.0
77 73 1.57 1 284.0
77 74 1.2 1 264.0
77 75 0.82 1 244.0
77 76 0.5 1 224.0
77 77 0.5 1 204.0
78 1 28.92 1 1746.0
78 2 28.55 1 1726.0
78 3 28.17 1 1706.0
78 4 27.8 1 1686.0
78 5 27.42 1 1666.0
78 6 27.05 1 1646.0
78 7 26.68 1 1626.0
78 8 26.3 1 1606.0
78 9 25.93 1 1586.0
78 10 25.55 1 1566.0
78 11 25.18 1 1546.0
78 12 24.81 1 1526.0
78 13 24.43 1 1506.0
78 14 24.06 1 1486.0
78 15 23.68 1 1466.0
78 16 23.31 1 1446.0
78 17 22.93 1 1426.0
78 18 22.56 1 1406.0
78 19 22.19 1 1386.0
78 20 21.81 1 1366.0
78 21 21.44 1 1346.0
78 22 21.06 1 1326.0
78 23 20.69 1 1306.0
78 24 20.32 1 1286.0
78 25 19.94 1 1266.0
78 26 19.57 1 1246.0
78 27 19.19 1 1226.0
78 28 18.82 1 1206.0
78 29 18.45 1 1186.0
78 30 18.07 1 1166.0
78 31 17.7 1 1146.0
78 32 17.32 1 1126.0
78 33 16.95 1 1106.0
78 34 16.57 1 1086.0
78 35 16.2 1 1066.0
78 36 15.83 1 1046.0
78 37 15.45 1 1026.0
78 38 15.08 1 1006.0
78 39 14.7 1 986.0
78 40 14.33 1 966.0
78 41 13.96 1 946.0
78 42 13.58 1 926.0
78 43 13.21 1 906.0
78 44 12.83 1 886.0
78 45 12.46 1 866.0
78 46 12.08 1 846.0
78 47 11.71 1 826.0
78 48 11.34 1 806.0
78 49 10.96 1 786.0
78 50 10.59 1 766.0
78 51 10.21 1 746.0
78 52 9.84 1 726.0
78 53 9.47 1 706.0
78 54 9.09 1 686.0
78 55 8.72 1 666.0
78 56 8.34 1 646.0
78 57 7.97 1 626.0
78 58 7.6 1 606.0
78 59 7.22 1 586.0
78 60 6.85 1 566.0
78 61 6.47 1 546.0
78 62 6.1 1 526.0
78 63 5.72 1 506.0
78 64 5.35 1 486.0
78 65 4.98 1 466.0
78 66 4.6 1 446.0
78 67 4.23 1 426.0
78 68 3.85 1 406.0
78 69 3.48 1 386.0
78 70 3.11 1 366.0
78 71 2.73 1 346.0
78 72 2.36 1 326.0
78 73 1.98 1 306.0
78 74 1.61 1 286.0
78 75 1.23 1 266.0
78 76 0.86 1 246.0
78 77 0.5 1 226.0
78 78 0.5 1 206.0
79 1 29.33 1 1768.0
79 2 28.96 1 1748.0
79 3 28.58 1 1728.0
79 4 28.21 1 1708.0
79 5 27.84 1 1688.0
79 6 27.46 1 1668.0
79 7 27.09 1 1648.0
79 8 26.71 1 1628.0
79 9 26.34 1 1608.0
79 10 25.97 1 1588.0
79 11 25.59 1 1568.0
79 12 25.22 1 1548.0
79 13 24.84 1 1528.0
79 14 24.47 1 1508.0
79 15 24.09 1 1488.0
79 16 23.72 1 1468.0
79 17 23.35 1 1448.0
79 18 22.97 1 1428.0
79 19 22.6 1 1408.0
79 20 22.22 1 1388.0
79 21 21.85 1 1368.0
79 22 21.48 1 1348.0
79 23 21.1 1 1328.0
79 24 20.73 1 1308.0
79 25 20.35 1 1288.0
79 26 19.98 1 1268.0
79 27 19.6 1 1248.0
79 28 19.23 1 1228.0
79 29 18.86 1 1208.0
79 30 18.48 1 1188.0
79 31 18.11 1 1168.0
79 32 17.73 1 1148.0
79 33 17.36 1 1128.0
79 34 16.99 1 1108.0
79 35 16.61 1 1088.0
79 36 16.24 1 1068.0
79 37 15.86 1 1048.0
79 38 15.49 1 1028.0
79 39 15.12 1 1008.0
79 40 14.74 1 988.0
79 41 14.37 1 968.0
79 42 13.99 1 948.0
79 43 13.62 1 928.0
79 44 13.24 1 908.0
79 45 12.87 1 888.0
79 46 12.5 1 868.0
79 47 12.12 1 848.0
79 48 11.75 1 828.0
79 49 11.37 1 808.0
79 50 11.0 1 788.0
79 51 10.63 1 768.0
79 52 10.25 1 748.0
79 53 9.88 1 728.0
79 54 9.5 1 708.0
79 55 9.13 1 688.0
79 56 8.75 1 668.0
79 57 8.38 1 648.0
79 58 8.01 1 628.0
79 59 7.63 1 608.0
79 60 7.26 1 588.0
79 61 6.88 1 568.0
79 62 6.51 1 548.0
79 63 6.14 1 528.0
79 64 5.76 1 508.0
79 65 5.39 1 488.0
79 66 5.01 1 468.0
79 67 4.64 1 448.0
79 68 4.27 1 428.0
79 69 3.89 1 408.0
79 70 3.52 1 388.0
79 71 3.14 1 368.0
79 72 2.77 1 348.0
79 73 2.39 1 328.0
79 74 2.02 1 308.0
79 75 1.65 1 288.0
79 76 1.27 1 268.0
79 77 0.9 1 248.0
79 78 0.52 1 228.0
79 79 0.5 1 208.0
80 1 29.74 1 1790.0
80 2 29.37 1 1770.0
80 3 29.0 1 1750.0
80 4 28.62 1 1730.0
80 5 28.25 1 1710.0
80 6 27.87 1 1690.0
80 7 27.5 1 1670.0
80 8 27.13 1 1650.0
80 9 26.75 1 1630.0
80 10 26.38 1 1610.0
80 11 26.0 1 1590.0
80 12 25.63 1 1570.0
80 13 25.25 1 1550.0
80 14 24.88 1 1530.0
80 15 24.51 1 1510.0
80 16 24.13 1 1490.0
80 17 23.76 1 1470.0
80 18 23.38 1 1450.0
80 19 23.01 1 1430.0
80 20 22.64 1 1410.0
80 21 22.26 1 1390.0
80 22 21.89 1 1370.0
80 23 21.51 1 1350.0
80 24 21.14 1 1330.0
80 25 20.76 1 1310.0
80 26 20.39 1 1290.0
80 27 20.02 1 1270.0
80 28 19.64 1 1250.0
80 29 19.27 1 1230.0
80 30 18.89 1 1210.0
80 31 18.52 1 1190.0
80 32 18.15 1 1170.0
80 33 17.77 1 1150.0
80 34 17.4 1 1130.0
80 35 17.02 1 1110.0
80 36 16.65 1 1090.0
80 37 16.28 1 1070.0
80 38 15.9 1 1050.0
80 39 15.53 1 1030.0
80 40 15.15 1 1010.0
80 41 14.78 1 990.0
80 42 14.4 1 970.0
80 43 14.03 1 950.0
80 44 13.66 1 930.0
80 45 13.28 1 910.0
80 46 12.91 1 890.0
80 47 12.53 1 870.0
80 48 12.16 1 850.0
80 49 11.79 1 830.0
80 50 11.41 1 810.0
80 51 11.04 1 790.0
80 52 10.66 1 770.0
80 53 10.29 1 750.0
80 54 9.91 1 730.0
80 55 9.54 1 710.0
80 56 9.17 1 690.0
80 57 8.79 1 670.0
80 58 8.42 1 650.0
80 59 8.04 1 630.0
80 60 7.67 1 610.0
80 61 7.3 1 590.0
80 62 6.92 1 570.0
80 63 6.55 1 550.0
80 64 6.17 1 530.0
80 65 5.8 1 510.0
80 66 5.43 1 490.0
80 67 5.05 1 470.0
80 68 4.68 1 450.0
80 69 4.3 1 430.0
80 70 3.93 1 410.0
80 71 3.55 1 390.0
80 72 3.18 1 370.0
80 73 2.81 1 350.0
80 74 2.43 1 330.0
80 75 2.06 1 310.0
80 76 1.68 1 290.0
80 77 1.31 1 270.0
80 78 0.94 1 250.0
80 79 0.56 1 230.0
80 80 0.5 1 210.0
81 1 30.16 1 1812.0
81 2 29.78 1 1792.0
81 3 29.41 1 1772.0
81 4 29.03 1 1752.0
81 5 28.66 1 1732.0
81 6 28.28 1 1712.0
81 7 27.91 1 1692.0
81 8 27.54 1 1672.0
81 9 27.16 1 1652.0
81 10 26.79 1 1632.0
81 11 26.41 1 1612.0
81 12 26.04 1 1592.0
81 13 25.67 1 1572.0
81 14 25.29 1 1552.0
81 15 24.92 1 1532.0
81 16 24.54 1 1512.0
81 17 24.17 1 1492.0
81 18 23.8 1 1472.0
81 19 23.42 1 1452.0
81 20 23.05 1 1432.0
81 21 22.67 1 1412.0
81 22 22.3 1 1392.0
81 23 21.92 1 1372.0
81 24 21.55 1 1352.0
81 25 21.18 1 1332.0
81 26 20.8 1 1312.0
81 27 20.43 1 1292.0
81 28 20.05 1 1272.0
81 29 19.68 1 1252.0
81 30 19.31 1 1232.0
81 31 18.93 1 1212.0
81 32 18.56 1 1192.0
81 33 18.18 1 1172.0
81 34 17.81 1 1152.0
81 35 17.43 1 1132.0
81 36 17.06 1 1112.0
81 37 16.69 1 1092.0
81 38 16.31 1 1072.0
81 39 15.94 1 1052.0
81 40 15.56 1 1032.0
81 41 15.19 1 1012.0
81 42 14.82 1 992.0
81 43 14.44 1 972.0
81 44 14.07 1 952.0
81 45 13.69 1 932.0
81 46 13.32 1 912.0
81 47 12.95 1 892.0
81 48 12.57 1 872.0
81 49 12.2 1 852.0
81 50 11.82 1 832.0
81 51 11.45 1 812.0
81 52 11.07 1 792.0
81 53 10.7 1 772.0
81 54 10.33 1 752.0
81 55 9.95 1 732.0
81 56 9.58 1 712.0
81 57 9.2 1 692.0
81 58 8.83 1 672.0
81 59 8.46 1 652.0
81 60 8.08 1 632.0
81 61 7.71 1 612.0
81 62 7.33 1 592.0
81 63 6.96 1 572.0
81 64 6.58 1 552.0
81 65 6.21 1 532.0
81 66 5.84 1 512.0
81 67 5.46 1 492.0
81 68 5.09 1 472.0
81 69 4.71 1 452.0
81 70 4.34 1 432.0
81 71 3.97 1 412.0
81 72 3.59 1 392.0
81 73 3.22 1 372.0
81 74 2.84 1 352.0
81 75 2.47 1 332.0
81 76 2.1 1 312.0
81 77 1.72 1 292.0
81 78 1.35 1 272.0
81 79 0.97 1 252.0
81 80 0.6 1 232.0
81 81 0.5 1 212.0
82 1 30.57 1 1834.0
82 2 30.19 1 1814.0
82 3 29.82 1 1794.0
82 4 29.44 1 1774.0
82 5 29.07 1 1754.0
82 6 28.7 1 1734.0
82 7 28.32 1 1714.0
82 8 27.95 1 1694.0
82 9 27.57 1 1674.0
82 10 27.2 1 1654.0
82 11 26.83 1 1634.0
82 12 26.45 1 1614.0
82 13 26.08 1 1594.0
82 14 25.7 1 1574.0
82 15 25.33 1 1554.0
82 16 24.96 1 1534.0
82 17 24.58 1 1514.0
82 18 24.21 1 1494.0
82 19 23.83 1 1474.0
82 20 23.46 1 1454.0
82 21 23.08 1 1434.0
82 22 22.71 1 1414.0
82 23 22.34 1 1394.0
82 24 21.96 1 1374.0
82 25 21.59 1 1354.0
82 26 21.21 1 1334.0
82 27 20.84 1 1314.0
82 28 20.47 1 1294.0
82 29 20.09 1 1274.0
82 30 19.72 1 1254.0
82 31 19.34 1 1234.0
82 32 18.97 1 1214.0
82 33 18.59 1 1194.0
82 34 18.22 1 1174.0
82 35 17.85 1 1154.0
82 36 17.47 1 1134.0
82 37 17.1 1 1114.0
82 38 16.72 1 1094.0
82 39 16.35 1 1074.0
82 40 15.98 1 1054.0
82 41 15.6 1 1034.0
82 42 15.23 1 1014.0
82 43 14.85 1 994.0
82 44 14.48 1 974.0
82 45 14.11 1 954.0
82 46 13.73 1 934.0
82 47 13.36 1 914.0
82 48 12.98 1 894.0
82 49 12.61 1 874.0
82 50 12.23 1 854.0
82 51 11.86 1 834.0
82 52 11.49 1 814.0
82 53 11.11 1 794.0
82 54 10.74 1 774.0
82 55 10.36 1 754.0
82 56 9.99 1 734.0
82 57 9.62 1 714.0
82 58 9.24 1 694.0
82 59 8.87 1 674.0
82 60 8.49 1 654.0
82 61 8.12 1 634.0
82 62 7.74 1 614.0
82 63 7.37 1 594.0
82 64 7.0 1 574.0
82 65 6.62 1 554.0
82 66 6.25 1 534.0
82 67 5.87 1 514.0
82 68 5.5 1 494.0
82 69 5.13 1 474.0
82 70 4.75 1 454.0
82 71 4.38 1 434.0
82 72 4.0 1 414.0
82 73 3.63 1 394.0
82 74 3.26 1 374.0
82 75 2.88 1 354.0
82 76 2.51 1 334.0
82 77 2.13 1 314.0
82 78 1.76 1 294.0
82 79 1.38 1 274.0
82 80 1.01 1 254.0
82 81 0.64 1 234.0
82 82 0.5 1 214.0
83 1 30.98 1 1856.0
83 2 30.6 1 1836.0
83 3 30.23 1 1816.0
83 4 29.86 1 1796.0
83 5 29.48 1 1776.0
83 6 29.11 1 1756.0
83 7 28.73 1 1736.0
83 8 28.36 1 1716.0
83 9 27.99 1 1696.0
83 10 27.61 1 1676.0
83 11 27.24 1 1656.0
83 12 26.86 1 1636.0
83 13 26.49 1 1616.0
83 14 26.11 1 1596.0
83 15 25.74 1 1576.0
83 16 25.37 1 1556.0
83 17 24.99 1 1536.0
83 18 24.62 1 1516.0
83 19 24.24 1 1496.0
83 20 23.87 1 1476.0
83 21 23.5 1 1456.0
83 22 23.12 1 1436.0
83 23 22.75 1 1416.0
83 24 22.37 1 1396.0
83 25 22.0 1 1376.0
83 26 21.63 1 1356.0
83 27 21.25 1 1336.0
83 28 20.88 1 1316.0
83 29 20.5 1 1296.0
83 30 20.13 1 1276.0
83 31 19.75 1 1256.0
83 32 19.38 1 1236.0
83 33 19.01 1 1216.0
83 34 18.63 1 1196.0
83 35 18.26 1 1176.0
83 36 17.88 1 1156.0
83 37 17.51 1 1136.0
83 38 17.14 1 1116.0
83 39 16.76 1 1096.0
83 40 16.39 1 1076.0
83 41 16.01 1 1056.0
83 42 15.64 1 1036.0
83 43 15.26 1 1016.0
83 44 14.89 1 996.0
83 45 14.52 1 976.0
83 46 14.14 1 956.0
83 47 13.77 1 936.0
83 48 13.39 1 916.0
83 49 13.02 1 896.0
83 50 12.65 1 876.0
83 51 12.27 1 856.0
83 52 11.9 1 836.0
83 53 11.52 1 816.0
83 54 11.15 1 796.0
83 55 10.78 1 776.0
83 56 10.4 1 756.0
83 57 10.03 1 736.0
83 58 9.65 1 716.0
83 59 9.28 1 696.0
83 60 8.9 1 676.0
83 61 8.53 1 656.0
83 62 8.16 1 636.0
83 63 7.78 1 616.0
83 64 7.41 1 596.0
83 65 7.03 1 576.0
83 66 6.66 1 556.0
83 67 6.29 1 536.0
83 68 5.91 1 516.0
83 69 5.54 1 496.0
83 70 5.16 1 476.0
83 71 4.79 1 456.0
83 72 4.41 1 436.0
83 73 4.04 1 416.0
83 74 3.67 1 396.0
83 75 3.29 1 376.0
83 76 2.92 1 356.0
83 77 2.54 1 336.0
83 78 2.17 1 316.0
83 79 1.8 1 296.0
83 80 1.42 1 276.0
83 81 1.05 1 256.0
83 82 0.67 1 236.0
83 83 0.5 1 216.0
84 1 31.39 1 1878.0
84 2 31.02 1 1858.0
84 3 30.64 1 1838.0
84 4 30.27 1 1818.0
84 5 29.89 1 1798.0
84 6 29.52 1 1778.0
84 7 29.15 1 1758.0
84 8 28.77 1 1738.0
84 9 28.4 1 1718.0
84 10 28.02 1 1698.0
84 11 27.65 1 1678.0
84 12 27.27 1 1658.0
84 13 26.9 1 1638.0
84 14 26.53 1 1618.0
84 15 26.15 1 1598.0
84 16 25.78 1 1578.0
84 17 25.4 1 1558.0
84 18 25.03 1 1538.0
84 19 24.66 1 1518.0
84 20 24.28 1 1498.0
84 21 23.91 1 1478.0
84 22 23.53 1 1458.0
84 23 23.16 1 1438.0
84 24 22.79 1 1418.0
84 25 22.41 1 1398.0
84 26 22.04 1 1378.0
84 27 21.66 1 1358.0
84 28 21.29 1 1338.0
84 29 20.91 1 1318.0
84 30 20.54 1 1298.0
84 31 20.17 1 1278.0
84 32 19.79 1 1258.0
84 33 19.42 1 1238.0
84 34 19.04 1 1218.0
84 35 18.67 1 1198.0
84 36 18.3 1 1178.0
84 37 17.92 1 1158.0
84 38 17.55 1 1138.0
84 39 17.17 1 1118.0
84 40 16.8 1 1098.0
84 41 16.42 1 1078.0
84 42 16.05 1 1058.0
84 43 15.68 1 1038.0
84 44 15.3 1 1018.0
84 45 14.93 1 998.0
84 46 14.55 1 978.0
84 47 14.18 1 958.0
84 48 13.81 1 938.0
84 49 13.43 1 918.0
84 50 13.06 1 898.0
84 51 12.68 1 878.0
84 52 12.31 1 858.0
84 53 11.94 1 838.0
84 54 11.56 1 818.0
84 55 11.19 1 798.0
84 56 10.81 1 778.0
84 57 10.44 1 758.0
84 58 10.06 1 738.0
84 59 9.69 1 718.0
84 60 9.32 1 698.0
84 61 8.94 1 678.0
84 62 8.57 1 658.0
84 63 8.19 1 638.0
84 64 7.82 1 618.0
84 65 7.45 1 598.0
84 66 7.07 1 578.0
84 67 6.7 1 558.0
84 68 6.32 1 538.0
84 69 5.95 1 518.0
84 70 5.57 1 498.0
84 71 5.2 1 478.0
84 72 4.83 1 458.0
84 73 4.45 1 438.0
84 74 4.08 1 418.0
84 75 3.7 1 398.0
84 76 3.33 1 378.0
84 77 2.96 1 358.0
84 78 2.58 1 338.0
84 79 2.21 1 318.0
84 80 1.83 1 298.0
84 81 1.46 1 278.0
84 82 1.09 1 258.0
84 83 0.71 1 238.0
84 84 0.5 1 218.0
85 1 31.8 1 1900.0
85 2 31.43 1 1880.0
85 3 31.05 1 1860.0
85 4 30.68 1 1840.0
85 5 30.31 1 1820.0
85 6 29.93 1 1800.0
85 7 29.56 1 1780.0
85 8 29.18 1 1760.0
85 9 28.81 1 1740.0
85 10 28.43 1 1720.0
85 11 28.06 1 1700.0
85 12 27.69 1 1680.0
85 13 27.31 1 1660.0
85 14 26.94 1 1640.0
85 15 26.56 1 1620.0
85 16 26.19 1 1600.0
85 17 25.82 1 1580.0
85 18 25.44 1 1560.0
85 19 25.07 1 1540.0
85 20 24.69 1 1520.0
85 21 24.32 1 1500.0
85 22 23.94 1 1480.0
85 23 23.57 1 1460.0
85 24 23.2 1 1440.0
85 25 22.82 1 1420.0
85 26 22.45 1 1400.0
85 27 22.07 1 1380.0
85 28 21.7 1 1360.0
85 29 21.33 1 1340.0
85 30 20.95 1 1320.0
85 31 20.58 1 1300.0
85 32 20.2 1 1280.0
85 33 19.83 1 1260.0
85 34 19.46 1 1240.0
85 35 19.08 1 1220.0
85 36 18.71 1 1200.0
85 37 18.33 1 1180.0
85 38 17.96 1 1160.0
85 39 17.58 1 1140.0
85 40 17.21 1 1120.0
85 41 16.84 1 1100.0
85 42 16.46 1 1080.0
85 43 16.09 1 1060.0
85 44 15.71 1 1040.0
85 45 15.34 1 1020.0
85 46 14.97 1 1000.0
85 47 14.59 1 980.0
85 48 14.22 1 960.0
85 49 13.84 1 940.0
85 50 13.47 1 920.0
85 51 13.09 1 900.0
85 52 12.72 1 880.0
85 53 12.35 1 860.0
85 54 11.97 1 840.0
85 55 11.6 1 820.0
85 56 11.22 1 800.0
85 57 10.85 1 780.0
85 58 10.48 1 760.0
85 59 10.1 1 740.0
85 60 9.73 1 720.0
85 61 9.35 1 700.0
85 62 8.98 1 680.0
85 63 8.61 1 660.0
85 64 8.23 1 640.0
85 65 7.86 1 620.0
85 66 7.48 1 600.0
85 67 7.11 1 580.0
85 68 6.73 1 560.0
85 69 6.36 1 540.0
85 70 5.99 1 520.0
85 71 5.61 1 500.0
85 72 5.24 1 480.0
85 73 4.86 1 460.0
85 74 4.49 1 440.0
85 75 4.12 1 420.0
85 76 3.74 1 400.0
85 77 3.37 1 380.0
85 78 2.99 1 360.0
85 79 2.62 1 340.0
85 80 2.24 1 320.0
85 81 1.87 1 300.0
85 82 1.5 1 280.0
85 83 1.12 1 260.0
85 84 0.75 1 240.0
85 85 0.5 1 220.0
86 1 32.21 1 1922.0
86 2 31.84 1 1902.0
86 3 31.47 1 1882.0
86 4 31.09 1 1862.0
86 5 30.72 1 1842.0
86 6 30.34 1 1822.0
86 7 29.97 1 1802.0
86 8 29.59 1 1782.0
86 9 29.22 1 1762.0
86 10 28.85 1 1742.0
86 11 28.47 1 1722.0
86 12 28.1 1 1702.0
86 13 27.72 1 1682.0
86 14 27.35 1 1662.0
86 15 26.98 1 1642.0
86 16 26.6 1 1622.0
86 17 26.23 1 1602.0
86 18 25.85 1 1582.0
86 19 25.48 1 1562.0
86 20 25.1 1 1542.0
86 21 24.73 1 1522.0
86 22 24.36 1 1502.0
86 23 23.98 1 1482.0
86 24 23.61 1 1462.0
86 25 23.23 1 1442.0
86 26 22.86 1 1422.0
86 27 22.49 1 1402.0
86 28 22.11 1 1382.0
86 29 21.74 1 1362.0
86 30 21.36 1 1342.0
86 31 20.99 1 1322.0
86 32 20.62 1 1302.0
86 33 20.24 1 1282.0
86 34 19.87 1 1262.0
86 35 19.49 1 1242.0
86 36 19.12 1 1222.0
86 37 18.74 1 1202.0
86 38 18.37 1 1182.0
86 39 18.0 1 1162.0
86 40 17.62 1 1142.0
86 41 17.25 1 1122.0
86 42 16.87 1 1102.0
86 43 16.5 1 1082.0
86 44 16.13 1 1062.0
86 45 15.75 1 1042.0
86 46 15.38 1 1022.0
86 47 15.0 1 1002.0
86 48 14.63 1 982.0
86 49 14.25 1 962.0
86 50 13.88 1 942.0
86 51 13.51 1 922.0
86 52 13.13 1 902.0
86 53 12.76 1 882.0
86 54 12.38 1 862.0
86 55 12.01 1 842.0
86 56 11.64 1 822.0
86 57 11.26 1 802.0
86 58 10.89 1 782.0
86 59 10.51 1 762.0
86 60 10.14 1 742.0
86 61 9.77 1 722.0
86 62 9.39 1 702.0
86 63 9.02 1 682.0
86 64 8.64 1 662.0
86 65 8.27 1 642.0
86 66 7.89 1 622.0
86 67 7.52 1 602.0
86 68 7.15 1 582.0
86 69 6.77 1 562.0
86 70 6.4 1 542.0
86 71 6.02 1 522.0
86 72 5.65 1 502.0
86 73 5.28 1 482.0
86 74 4.9 1 462.0
86 75 4.53 1 442.0
86 76 4.15 1 422.0
86 77 3.78 1 402.0
86 78 3.4 1 382.0
86 79 3.03 1 362.0
86 80 2.66 1 342.0
86 81 2.28 1 322.0
86 82 1.91 1 302.0
86 83 1.53 1 282.0
86 84 1.16 1 262.0
86 85 0.79 1 242.0
86 86 0.5 1 222.0
87 1 32.62 1 1944.0
87 2 32.25 1 1924.0
87 3 31.88 1 1904.0
87 4 31.5 1 1884.0
87 5 31.13 1 1864.0
87 6 30.75 1 1844.0
87 7 30.38 1 1824.0
87 8 30.01 1 1804.0
87 9 29.63 1 1784.0
87 10 29.26 1 1764.0
87 11 28.88 1 1744.0
87 12 28.51 1 1724.0
87 13 28.14 1 1704.0
87 14 27.76 1 1684.0
87 15 27.39 1 1664.0
87 16 27.01 1 1644.0
87 17 26.64 1 1624.0
87 18 26.26 1 1604.0
87 19 25.89 1 1584.0
87 20 25.52 1 1564.0
87 21 25.14 1 1544.0
87 22 24.77 1 1524.0
87 23 24.39 1 1504.0
87 24 24.02 1 1484.0
87 25 23.65 1 1464.0
87 26 23.27 1 1444.0
87 27 22.9 1 1424.0
87 28 22.52 1 1404.0
87 29 22.15 1 1384.0
87 30 21.77 1 1364.0
87 31 21.4 1 1344.0
87 32 21.03 1 1324.0
87 33 20.65 1 1304.0
87 34 20.28 1 1284.0
87 35 19.9 1 1264.0
87 36 19.53 1 1244.0
87 37 19.16 1 1224.0
87 38 18.78 1 1204.0
87 39 18.41 1 1184.0
87 40 18.03 1 1164.0
87 41 17.66 1 1144.0
87 42 17.29 1 1124.0
87 43 16.91 1 1104.0
87 44 16.54 1 1084.0
87 45 16.16 1 1064.0
87 46 15.79 1 1044.0
87 47 15.41 1 1024.0
87 48 15.04 1 1004.0
87 49 14.67 1 984.0
87 50 14.29 1 964.0
87 51 13.92 1 944.0
87 52 13.54 1 924.0
87 53 13.17 1 904.0
87 54 12.8 1 884.0
87 55 12.42 1 864.0
87 56 12.05 1 844.0
87 57 11.67 1 824.0
87 58 11.3 1 804.0
87 59 10.92 1 784.0
87 60 10.55 1 764.0
87 61 10.18 1 744.0
87 62 9.8 1 724.0
87 63 9.43 1 704.0
87 64 9.05 1 684.0
87 65 8.68 1 664.0
87 66 8.31 1 644.0
87 67 7.93 1 624.0
87 68 7.56 1 604.0
87 69 7.18 1 584.0
87 70 6.81 1 564.0
87 71 6.44 1 544.0
87 72 6.06 1 524.0
87 73 5.69 1 504.0
87 74 5.31 1 484.0
87 75 4.94 1 464.0
87 76 4.56 1 444.0
87 77 4.19 1 424.0
87 78 3.82 1 404.0
87 79 3.44 1 384.0
87 80 3.07 1 364.0
87 81 2.69 1 344.0
87 82 2.32 1 324.0
87 83 1.95 1 304.0
87 84 1.57 1 284.0
87 85 1.2 1 264.0
87 86 0.82 1 244.0
87 87 0.5 1 224.0
88 1 33.04 1 1966.0
88 2 32.66 1 1946.0
88 3 32.29 1 1926.0
88 4 31.91 1 1906.0
88 5 31.54 1 1886.0
88 6 31.17 1 1866.0
88 7 30.79 1 1846.0
88 8 30.42 1 1826.0
88 9 30.04 1 1806.0
88 10 29.67 1 1786.0
88 11 29.3 1 1766.0
88 12 28.92 1 1746.0
88 13 28.55 1 1726.0
88 14 28.17 1 1706.0
88 15 27.8 1 1686.0
88 16 27.42 1 1666.0
88 17 27.05 1 1646.0
88 18 26.68 1 1626.0
88 19 26.3 1 1606.0
88 20 25.93 1 1586.0
88 21 25.55 1 1566.0
88 22 25.18 1 1546.0
88 23 24.81 1 1526.0
88 24 24.43 1 1506.0
88 25 24.06 1 1486.0
88 26 23.68 1 1466.0
88 27 23.31 1 1446.0
88 28 22.93 1 1426.0
88 29 22.56 1 1406.0
88 30 22.19 1 1386.0
88 31 21.81 1 1366.0
88 32 21.44 1 1346.0
88 33 21.06 1 1326.0
88 34 20.69 1 1306.0
88 35 20.32 1 1286.0
88 36 19.94 1 1266.0
88 37 19.57 1 1246.0
88 38 19.19 1 1226.0
88 39 18.82 1 1206.0
88 40 18.45 1 1186.0
88 41 18.07 1 1166.0
88 42 17.7 1 1146.0
88 43 17.32 1 1126.0
88 44 16.95 1 1106.0
88 45 16.57 1 1086.0
88 46 16.2 1 1066.0
88 47 15.83 1 1046.0
88 48 15.45 1 1026.0
88 49 15.08 1 1006.0
88 50 14.7 1 986.0
88 51 14.33 1 966.0
88 52 13.96 1 946.0
88 53 13.58 1 926.0
88 54 13.21 1 906.0
88 55 12.83 1 886.0
88 56 12.46 1 866.0
88 57 12.08 1 846.0
88 58 11.71 1 826.0
88 59 11.34 1 806.0
88 60 10.96 1 786.0
88 61 10.59 1 766.0
88 62 10.21 1 746.0
88 63 9.84 1 726.0
88 64 9.47 1 706.0
88 65 9.09 1 686.0
88 66 8.72 1 666.0
88 67 8.34 1 646.0
88 68 7.97 1 626.0
88 69 7.6 1 606.0
88 70 7.22 1 586.0
88 71 6.85 1 566.0
88 72 6.47 1 546.0
88 73 6.1 1 526.0
88 74 5.72 1 506.0
88 75 5.35 1 486.0
88 76 4.98 1 466.0
88 77 4.6 1 446.0
88 78 4.23 1 426.0
88 79 3.85 1 406.0
88 80 3.48 1 386.0
88 81 3.11 1 366.0
88 82 2.73 1 346.0
88 83 2.36 1 326.0
88 84 1.98 1 306.0
88 85 1.61 1 286.0
88 86 1.23 1 266.0
88 87 0.86 1 246.0
88 88 0.5 1 226.0
89 1 14.67 1 984.0
89 2 14.29 1 964.0
89 3 13.92 1 944.0
89 4 13.54 1 924.0
89 5 13.17 1 904.0
89 6 12.8 1 884.0
89 7 12.42 1 864.0
89 8 12.05 1 844.0
89 9 11.67 1 824.0
89 10 11.3 1 804.0
89 11 10.92 1 784.0
89 12 10.55 1 764.0
89 13 10.18 1 744.0
89 14 9.8 1 724.0
89 15 9.43 1 704.0
89 16 9.05 1 684.0
89 17 8.68 1 664.0
89 18 8.31 1 644.0
89 19 7.93 1 624.0
89 20 7.56 1 604.0
89 21 7.18 1 584.0
89 22 6.81 1 564.0
89 23 6.44 1 544.0
89 24 6.06 1 524.0
89 25 5.69 1 504.0
89 26 5.31 1 484.0
89 27 4.94 1 464.0
89 28 4.56 1 444.0
89 29 4.19 1 424.0
89 30 3.82 1 404.0
89 31 3.44 1 384.0
89 32 3.07 1 364.0
89 33 2.69 1 344.0
89 34 2.32 1 324.0
89 35 1.95 1 304.0
89 36 1.57 1 284.0
89 37 1.2 1 264.0
89 38 0.82 1 244.0
89 39 0.5 1 224.0
89 40 0.5 1 204.0
89 41 0.5 1 184.0
89 42 0.5 1 164.0
89 43 0.5 1 144.0
89 44 0.5 1 124.0
89 45 0.5 1 104.0
89 46 0.5 1 84.0
89 47 0.5 1 64.0
89 48 14.67 2 984.0
89 49 14.29 2 964.0
89 50 13.92 2 944.0
89 51 13.54 2 924.0
89 52 13.17 2 904.0
89 53 12.8 2 884.0
89 54 12.42 2 864.0
89 55 12.05 2 844.0
89 56 11.67 2 824.0
89 57 11.3 2 804.0
89 58 10.92 2 784.0
89 59 10.55 2 764.0
89 60 10.18 2 744.0
89 61 9.8 2 724.0
89 62 9.43 2 704.0
89 63 9.05 2 684.0
89 64 8.68 2 664.0
89 65 8.31 2 644.0
89 66 7.93 2 624.0
89 67 7.56 2 604.0
89 68 7.18 2 584.0
89 69 6.81 2 564.0
89 70 6.44 2 544.0
89 71 6.06 2 524.0
89 72 5.69 2 504.0
89 73 5.31 2 484.0
89 74 4.94 2 464.0
89 75 4.56 2 444.0
89 76 4.19 2 424.0
89 77 3.82 2 404.0
89 78 3.44 2 384.0
89 79 3.07 2 364.0
89 80 2.69 2 344.0
89 81 2.32 2 324.0
89 82 1.95 2 304.0
89 83 1.57 2 284.0
89 84 1.2 2 264.0
89 85 0.82 2 244.0
89 86 0.5 2 224.0
89 87 0.5 2 204.0
89 88 0.5 2 184.0
89 89 0.5 2 164.0
90 1 14.87 1 995.0
90 2 14.5 1 975.0
90 3 14.12 1 955.0
90 4 13.75 1 935.0
90 5 13.38 1 915.0
90 6 13.0 1 895.0
90 7 12.63 1 875.0
90 8 12.25 1 855.0
90 9 11.88 1 835.0
90 10 11.5 1 815.0
90 11 11.13 1 795.0
90 12 10.76 1 775.0
90 13 10.38 1 755.0
90 14 10.01 1 735.0
90 15 9.63 1 715.0
90 16 9.26 1 695.0
90 17 8.89 1 675.0
90 18 8.51 1 655.0
90 19 8.14 1 635.0
90 20 7.76 1 615.0
90 21 7.39 1 595.0
90 22 7.02 1 575.0
90 23 6.64 1 555.0
90 24 6.27 1 535.0
90 25 5.89 1 515.0
90 26 5.52 1 495.0
90 27 5.14 1 475.0
90 28 4.77 1 455.0
90 29 4.4 1 435.0
90 30 4.02 1 415.0
90 31 3.65 1 395.0
90 32 3.27 1 375.0
90 33 2.9 1 355.0
90 34 2.53 1 335.0
90 35 2.15 1 315.0
90 36 1.78 1 295.0
90 37 1.4 1 275.0
90 38 1.03 1 255.0
90 39 0.65 1 235.0
90 40 0.5 1 215.0
90 41 0.5 1 195.0
90 42 0.5 1 175.0
90 43 0.5 1 155.0
90 44 0.5 1 135.0
90 45 0.5 1 115.0
90 46 0.5 1 95.0
90 47 0.5 1 75.0
90 48 0.5 1 55.0
90 49 14.87 2 995.0
90 50 14.5 2 975.0
90 51 14.12 2 955.0
90 52 13.75 2 935.0
90 53 13.38 2 915.0
90 54 13.0 2 895.0
90 55 12.63 2 875.0
90 56 12.25 2 855.0
90 57 11.88 2 835.0
90 58 11.5 2 815.0
90 59 11.13 2 795.0
90 60 10.76 2 775.0
90 61 10.38 2 755.0
90 62 10.01 2 735.0
90 63 9.63 2 715.0
90 64 9.26 2 695.0
90 65 8.89 2 675.0
90 66 8.51 2 655.0
90 67 8.14 2 635.0
90 68 7.76 2 615.0
90 69 7.39 2 595.0
90 70 7.02 2 575.0
90 71 6.64 2 555.0
90 72 6.27 2 535.0
90 73 5.89 2 515.0
90 74 5.52 2 495.0
90 75 5.14 2 475.0
90 76 4.77 2 455.0
90 77 4.4 2 435.0
90 78 4.02 2 415.0
90 79 3.65 2 395.0
90 80 3.27 2 375.0
90 81 2.9 2 355.0
90 82 2.53 2 335.0
90 83 2.15 2 315.0
90 84 1.78 2 295.0
90 85 1.4 2 275.0
90 86 1.03 2 255.0
90 87 0.65 2 235.0
90 88 0.5 2 215.0
90 89 0.5 2 195.0
90 90 0.5 2 175.0
91 1 15.55 1 1031.0
91 2 15.17 1 1011.0
91 3 14.8 1 991.0
91 4 14.42 1 971.0
91 5 14.05 1 951.0
91 6 13.67 1 931.0
91 7 13.3 1 911.0
91 8 12.93 1 891.0
91 9 12.55 1 871.0
91 10 12.18 1 851.0
91 11 11.8 1 831.0
91 12 11.43 1 811.0
91 13 11.06 1 791.0
91 14 10.68 1 771.0
91 15 10.31 1 751.0
91 16 9.93 1 731.0
91 17 9.56 1 711.0
91 18 9.19 1 691.0
91 19 8.81 1 671.0
91 20 8.44 1 651.0
91 21 8.06 1 631.0
91 22 7.69 1 611.0
91 23 7.31 1 591.0
91 24 6.94 1 571.0
91 25 6.57 1 551.0
91 26 6.19 1 531.0
91 27 5.82 1 511.0
91 28 5.44 1 491.0
91 29 5.07 1 471.0
91 30 4.7 1 451.0
91 31 4.32 1 431.0
91 32 3.95 1 411.0
91 33 3.57 1 391.0
91 34 3.2 1 371.0
91 35 2.82 1 351.0
91 36 2.45 1 331.0
91 37 2.08 1 311.0
91 38 1.7 1 291.0
91 39 1.33 1 271.0
91 40 0.95 1 251.0
91 41 0.58 1 231.0
91 42 0.5 1 211.0
91 43 0.5 1 191.0
91 44 0.5 1 171.0
91 45 0.5 1 151.0
91 46 0.5 1 131.0
91 47 0.5 1 111.0
91 48 0.5 1 91.0
91 49 0.5 1 71.0
91 50 0.5 1 51.0
91 51 15.55 2 1031.0
91 52 15.17 2 1011.0
91 53 14.8 2 991.0
91 54 14.42 2 971.0
91 55 14.05 2 951.0
91 56 13.67 2 931.0
91 57 13.3 2 911.0
91 58 12.93 2 891.0
91 59 12.55 2 871.0
91 60 12.18 2 851.0
91 61 11.8 2 831.0
91 62 11.43 2 811.0
91 63 11.06 2 791.0
91 64 10.68 2 771.0
91 65 10.31 2 751.0
91 66 9.93 2 731.0
91 67 9.56 2 711.0
91 68 9.19 2 691.0
91 69 8.81 2 671.0
91 70 8.44 2 651.0
91 71 8.06 2 631.0
91 72 7.69 2 611.0
91 73 7.31 2 591.0
91 74 6.94 2 571.0
91 75 6.57 2 551.0
91 76 6.19 2 531.0
91 77 5.82 2 511.0
91 78 5.44 2 491.0
91 79 5.07 2 471.0
91 80 4.7 2 451.0
91 81 4.32 2 431.0
91 82 3.95 2 411.0
91 83 3.57 2 391.0
91 84 3.2 2 371.0
91 85 2.82 2 351.0
91 86 2.45 2 331.0
91 87 2.08 2 311.0
91 88 1.7 2 291.0
91 89 1.33 2 271.0
91 90 0.95 2 251.0
91 91 0.58 2 231.0
92 1 15.75 1 1042.0
92 2 15.38 1 1022.0
92 3 15.0 1 1002.0
92 4 14.63 1 982.0
92 5 14.25 1 962.0
92 6 13.88 1 942.0
92 7 13.51 1 922.0
92 8 13.13 1 902.0
92 9 12.76 1 882.0
92 10 12.38 1 862.0
92 11 12.01 1 842.0
92 12 11.64 1 822.0
92 13 11.26 1 802.0
92 14 10.89 1 782.0
92 15 10.51 1 762.0
92 16 10.14 1 742.0
92 17 9.77 1 722.0
92 18 9.39 1 702.0
92 19 9.02 1 682.0
92 20 8.64 1 662.0
92 21 8.27 1 642.0
92 22 7.89 1 622.0
92 23 7.52 1 602.0
92 24 7.15 1 582.0
92 25 6.77 1 562.0
92 26 6.4 1 542.0
92 27 6.02 1 522.0
92 28 5.65 1 502.0
92 29 5.28 1 482.0
92 30 4.9 1 462.0
92 31 4.53 1 442.0
92 32 4.15 1 422.0
92 33 3.78 1 402.0
92 34 3.4 1 382.0
92 35 3.03 1 362.0
92 36 2.66 1 342.0
92 37 2.28 1 322.0
92 38 1.91 1 302.0
92 39 1.53 1 282.0
92 40 1.16 1 262.0
92 41 0.79 1 242.0
92 42 0.5 1 222.0
92 43 0.5 1 202.0
92 44 0.5 1 182.0
92 45 0.5 1 162.0
92 46 0.5 1 142.0
92 47 0.5 1 122.0
92 48 0.5 1 102.0
92 49 0.5 1 82.0
92 50 0.5 1 62.0
92 51 15.75 2 1042.0
92 52 15.38 2 1022.0
92 53 15.0 2 1002.0
92 54 14.63 2 982.0
92 55 14.25 2 962.0
92 56 13.88 2 942.0
92 57 13.51 2 922.0
92 58 13.13 2 902.0
92 59 12.76 2 882.0
92 60 12.38 2 862.0
92 61 12.01 2 842.0
92 62 11.64 2 822.0
92 63 11.26 2 802.0
92 64 10.89 2 782.0
92 65 10.51 2 762.0
92 66 10.14 2 742.0
92 67 9.77 2 722.0
92 68 9.39 2 702.0
92 69 9.02 2 682.0
92 70 8.64 2 662.0
92 71 8.27 2 642.0
92 72 7.89 2 622.0
92 73 7.52 2 602.0
92 74 7.15 2 582.0
92 75 6.77 2 562.0
92 76 6.4 2 542.0
92 77 6.02 2 522.0
92 78 5.65 2 502.0
92 79 5.28 2 482.0
92 80 4.9 2 462.0
92 81 4.53 2 442.0
92 82 4.15 2 422.0
92 83 3.78 2 402.0
92 84 3.4 2 382.0
92 85 3.03 2 362.0
92 86 2.66 2 342.0
92 87 2.28 2 322.0
92 88 1.91 2 302.0
92 89 1.53 2 282.0
92 90 1.16 2 262.0
92 91 0.79 2 242.0
92 92 0.5 2 222.0
93 1 15.96 1 1053.0
93 2 15.58 1 1033.0
93 3 15.21 1 1013.0
93 4 14.83 1 993.0
93 5 14.46 1 973.0
93 6 14.09 1 953.0
93 7 13.71 1 933.0
93 8 13.34 1 913.0
93 9 12.96 1 893.0
93 10 12.59 1 873.0
93 11 12.22 1 853.0
93 12 11.84 1 833.0
93 13 11.47 1 813.0
93 14 11.09 1 793.0
93 15 10.72 1 773.0
93 16 10.34 1 753.0
93 17 9.97 1 733.0
93 18 9.6 1 713.0
93 19 9.22 1 693.0
93 20 8.85 1 673.0
93 21 8.47 1 653.0
93 22 8.1 1 633.0
93 23 7.73 1 613.0
93 24 7.35 1 593.0
93 25 6.98 1 573.0
93 26 6.6 1 553.0
93 27 6.23 1 533.0
93 28 5.86 1 513.0
93 29 5.48 1 493.0
93 30 5.11 1 473.0
93 31 4.73 1 453.0
93 32 4.36 1 433.0
93 33 3.98 1 413.0
93 34 3.61 1 393.0
93 35 3.24 1 373.0
93 36 2.86 1 353.0
93 37 2.49 1 333.0
93 38 2.11 1 313.0
93 39 1.74 1 293.0
93 40 1.37 1 273.0
93 41 0.99 1 253.0
93 42 0.62 1 233.0
93 43 0.5 1 213.0
93 44 0.5 1 193.0
93 45 0.5 1 173.0
93 46 0.5 1 153.0
93 47 0.5 1 133.0
93 48 0.5 1 113.0
93 49 0.5 1 93.0
93 50 0.5 1 73.0
93 51 0.5 1 53.0
93 52 15.96 2 1053.0
93 53 15.58 2 1033.0
93 54 15.21 2 1013.0
93 55 14.83 2 993.0
93 56 14.46 2 973.0
93 57 14.09 2 953.0
93 58 13.71 2 933.0
93 59 13.34 2 913.0
93 60 12.96 2 893.0
93 61 12.59 2 873.0
93 62 12.22 2 853.0
93 63 11.84 2 833.0
93 64 11.47 2 813.0
93 65 11.09 2 793.0
93 66 10.72 2 773.0
93 67 10.34 2 753.0
93 68 9.97 2 733.0
93 69 9.6 2 713.0
93 70 9.22 2 693.0
93 71 8.85 2 673.0
93 72 8.47 2 653.0
93 73 8.1 2 633.0
93 74 7.73 2 613.0
93 75 7.35 2 593.0
93 76 6.98 2 573.0
93 77 6.6 2 553.0
93 78 6.23 2 533.0
93 79 5.86 2 513.0
93 80 5.48 2 493.0
93 81 5.11 2 473.0
93 82 4.73 2 453.0
93 83 4.36 2 433.0
93 84 3.98 2 413.0
93 85 3.61 2 393.0
93 86 3.24 2 373.0
93 87 2.86 2 353.0
93 88 2.49 2 333.0
93 89 2.11 2 313.0
93 90 1.74 2 293.0
93 91 1.37 2 273.0
93 92 0.99 2 253.0
93 93 0.62 2 233.0
94 1 16.16 1 1064.0
94 2 15.79 1 1044.0
94 3 15.41 1 1024.0
94 4 15.04 1 1004.0
94 5 14.67 1 984.0
94 6 14.29 1 964.0
94 7 13.92 1 944.0
94 8 13.54 1 924.0
94 9 13.17 1 904.0
94 10 12.8 1 884.0
94 11 12.42 1 864.0
94 12 12.05 1 844.0
94 13 11.67 1 824.0
94 14 11.3 1 804.0
94 15 10.92 1 784.0
94 16 10.55 1 764.0
94 17 10.18 1 744.0
94 18 9.8 1 724.0
94 19 9.43 1 704.0
94 20 9.05 1 684.0
94 21 8.68 1 664.0
94 22 8.31 1 644.0
94 23 7.93 1 624.0
94 24 7.56 1 604.0
94 25 7.18 1 584.0
94 26 6.81 1 564.0
94 27 6.44 1 544.0
94 28 6.06 1 524.0
94 29 5.69 1 504.0
94 30 5.31 1 484.0
94 31 4.94 1 464.0
94 32 4.56 1 444.0
94 33 4.19 1 424.0
94 34 3.82 1 404.0
94 35 3.44 1 384.0
94 36 3.07 1 364.0
94 37 2.69 1 344.0
94 38 2.32 1 324.0
94 39 1.95 1 304.0
94 40 1.57 1 284.0
94 41 1.2 1 264.0
94 42 0.82 1 244.0
94 43 0.5 1 224.0
94 44 0.5 1 204.0
94 45 0.5 1 184.0
94 46 0.5 1 164.0
94 47 0.5 1 144.0
94 48 0.5 1 124.0
94 49 0.5 1 104.0
94 50 0.5 1 84.0
94 51 0.5 1 64.0
94 52 16.16 2 1064.0
94 53 15.79 2 1044.0
94 54 15.41 2 1024.0
94 55 15.04 2 1004.0
94 56 14.67 2 984.0
94 57 14.29 2 964.0
94 58 13.92 2 944.0
94 59 13.54 2 924.0
94 60 13.17 2 904.0
94 61 12.8 2 884.0
94 62 12.42 2 864.0
94 63 12.05 2 844.0
94 64 11.67 2 824.0
94 65 11.3 2 804.0
94 66 10.92 2 784.0
94 67 10.55 2 764.0
94 68 10.18 2 744.0
94 69 9.8 2 724.0
94 70 9.43 2 704.0
94 71 9.05 2 684.0
94 72 8.68 2 664.0
94 73 8.31 2 644.0
94 74 7.93 2 624.0
94 75 7.56 2 604.0
94 76 7.18 2 584.0
94 77 6.81 2 564.0
94 78 6.44 2 544.0
94 79 6.06 2 524.0
94 80 5.69 2 504.0
94 81 5.31 2 484.0
94 82 4.94 2 464.0
94 83 4.56 2 444.0
94 84 4.19 2 424.0
94 85 3.82 2 404.0
94 86 3.44 2 384.0
94 87 3.07 2 364.0
94 88 2.69 2 344.0
94 89 2.32 2 324.0
94 90 1.95 2 304.0
94 91 1.57 2 284.0
94 92 1.2 2 264.0
94 93 0.82 2 244.0
94 94 0.5 2 224.0
95 1 16.37 1 1075.0
95 2 15.99 1 1055.0
95 3 15.62 1 1035.0
95 4 15.25 1 1015.0
95 5 14.87 1 995.0
95 6 14.5 1 975.0
95 7 14.12 1 955.0
95 8 13.75 1 935.0
95 9 13.38 1 915.0
95 10 13.0 1 895.0
95 11 12.63 1 875.0
95 12 12.25 1 855.0
95 13 11.88 1 835.0
95 14 11.5 1 815.0
95 15 11.13 1 795.0
95 16 10.76 1 775.0
95 17 10.38 1 755.0
95 18 10.01 1 735.0
95 19 9.63 1 715.0
95 20 9.26 1 695.0
95 21 8.89 1 675.0
95 22 8.51 1 655.0
95 23 8.14 1 635.0
95 24 7.76 1 615.0
95 25 7.39 1 595.0
95 26 7.02 1 575.0
95 27 6.64 1 555.0
95 28 6.27 1 535.0
95 29 5.89 1 515.0
95 30 5.52 1 495.0
95 31 5.14 1 475.0
95 32 4.77 1 455.0
95 33 4.4 1 435.0
95 34 4.02 1 415.0
95 35 3.65 1 395.0
95 36 3.27 1 375.0
95 37 2.9 1 355.0
95 38 2.53 1 335.0
95 39 2.15 1 315.0
95 40 1.78 1 295.0
95 41 1.4 1 275.0
95 42 1.03 1 255.0
95 43 0.65 1 235.0
95 44 0.5 1 215.0
95 45 0.5 1 195.0
95 46 0.5 1 175.0
95 47 0.5 1 155.0
95 48 0.5 1 135.0
95 49 0.5 1 115.0
95 50 0.5 1 95.0
95 51 0.5 1 75.0
95 52 0.5 1 55.0
95 53 16.37 2 1075.0
95 54 15.99 2 1055.0
95 55 15.62 2 1035.0
95 56 15.25 2 1015.0
95 57 14.87 2 995.0
95 58 14.5 2 975.0
95 59 14.12 2 955.0
95 60 13.75 2 935.0
95 61 13.38 2 915.0
95 62 13.0 2 895.0
95 63 12.63 2 875.0
95 64 12.25 2 855.0
95 65 11.88 2 835.0
95 66 11.5 2 815.0
95 67 11.13 2 795.0
95 68 10.76 2 775.0
95 69 10.38 2 755.0
95 70 10.01 2 735.0
95 71 9.63 2 715.0
95 72 9.26 2 695.0
95 73 8.89 2 675.0
95 74 8.51 2 655.0
95 75 8.14 2 635.0
95 76 7.76 2 615.0
95 77 7.39 2 595.0
95 78 7.02 2 575.0
95 79 6.64 2 555.0
95 80 6.27 2 535.0
95 81 5.89 2 515.0
95 82 5.52 2 495.0
95 83 5.14 2 475.0
95 84 4.77 2 455.0
95 85 4.4 2 435.0
95 86 4.02 2 415.0
95 87 3.65 2 395.0
95 88 3.27 2 375.0
95 89 2.9 2 355.0
95 90 2.53 2 335.0
95 91 2.15 2 315.0
95 92 1.78 2 295.0
95 93 1.4 2 275.0
95 94 1.03 2 255.0
95 95 0.65 2 235.0
96 1 16.57 1 1086.0
96 2 16.2 1 1066.0
96 3 15.83 1 1046.0
96 4 15.45 1 1026.0
96 5 15.08 1 1006.0
96 6 14.7 1 986.0
96 7 14.33 1 966.0
96 8 13.96 1 946.0
96 9 13.58 1 926.0
96 10 13.21 1 906.0
96 11 12.83 1 886.0
96 12 12.46 1 866.0
96 13 12.08 1 846.0
96 14 11.71 1 826.0
96 15 11.34 1 806.0
96 16 10.96 1 786.0
96 17 10.59 1 766.0
96 18 10.21 1 746.0
96 19 9.84 1 726.0
96 20 9.47 1 706.0
96 21 9.09 1 686.0
96 22 8.72 1 666.0
96 23 8.34 1 646.0
96 24 7.97 1 626.0
96 25 7.6 1 606.0
96 26 7.22 1 586.0
96 27 6.85 1 566.0
96 28 6.47 1 546.0
96 29 6.1 1 526.0
96 30 5.72 1 506.0
96 31 5.35 1 486.0
96 32 4.98 1 466.0
96 33 4.6 1 446.0
96 34 4.23 1 426.0
96 35 3.85 1 406.0
96 36 3.48 1 386.0
96 37 3.11 1 366.0
96 38 2.73 1 346.0
96 39 2.36 1 326.0
96 40 1.98 1 306.0
96 41 1.61 1 286.0
96 42 1.23 1 266.0
96 43 0.86 1 246.0
96 44 0.5 1 226.0
96 45 0.5 1 206.0
96 46 0.5 1 186.0
96 47 0.5 1 166.0
96 48 0.5 1 146.0
96 49 0.5 1 126.0
96 50 0.5 1 106.0
96 51 0.5 1 86.0
96 52 0.5 1 66.0
96 53 16.57 2 1086.0
96 54 16.2 2 1066.0
96 55 15.83 2 1046.0
96 56 15.45 2 1026.0
96 57 15.08 2 1006.0
96 58 14.7 2 986.0
96 59 14.33 2 966.0
96 60 13.96 2 946.0
96 61 13.58 2 926.0
96 62 13.21 2 906.0
96 63 12.83 2 886.0
96 64 12.46 2 866.0
96 65 12.08 2 846.0
96 66 11.71 2 826.0
96 67 11.34 2 806.0
96 68 10.96 2 786.0
96 69 10.59 2 766.0
96 70 10.21 2 746.0
96 71 9.84 2 726.0
96 72 9.47 2 706.0
96 73 9.09 2 686.0
96 74 8.72 2 666.0
96 75 8.34 2 646.0
96 76 7.97 2 626.0
96 77 7.6 2 606.0
96 78 7.22 2 586.0
96 79 6.85 2 566.0
96 80 6.47 2 546.0
96 81 6.1 2 526.0
96 82 5.72 2 506.0
96 83 5.35 2 486.0
96 84 4.98 2 466.0
96 85 4.6 2 446.0
96 86 4.23 2 426.0
96 87 3.85 2 406.0
96 88 3.48 2 386.0
96 89 3.11 2 366.0
96 90 2.73 2 346.0
96 91 2.36 2 326.0
96 92 1.98 2 306.0
96 93 1.61 2 286.0
96 94 1.23 2 266.0
96 95 0.86 2 246.0
96 96 0.5 2 226.0
