initial_samples sample height tube remaining_vol
1 1 0.5 1 52.0
2 1 0.5 1 74.0
2 2 0.5 1 54.0
3 1 0.86 1 96.0
3 2 0.5 1 76.0
3 3 0.5 1 56.0
4 1 1.27 1 118.0
4 2 0.9 1 98.0
4 3 0.52 1 78.0
4 4 0.5 1 58.0
5 1 1.68 1 140.0
5 2 1.31 1 120.0
5 3 0.94 1 100.0
5 4 0.56 1 80.0
5 5 0.5 1 60.0
6 1 2.1 1 162.0
6 2 1.72 1 142.0
6 3 1.35 1 122.0
6 4 0.97 1 102.0
6 5 0.6 1 82.0
6 6 0.5 1 62.0
7 1 2.51 1 184.0
7 2 2.13 1 164.0
7 3 1.76 1 144.0
7 4 1.38 1 124.0
7 5 1.01 1 104.0
7 6 0.64 1 84.0
7 7 0.5 1 64.0
8 1 2.92 1 206.0
8 2 2.54 1 186.0
8 3 2.17 1 166.0
8 4 1.8 1 146.0
8 5 1.42 1 126.0
8 6 1.05 1 106.0
8 7 0.67 1 86.0
8 8 0.5 1 66.0
9 1 3.33 1 228.0
9 2 2.96 1 208.0
9 3 2.58 1 188.0
9 4 2.21 1 168.0
9 5 1.83 1 148.0
9 6 1.46 1 128.0
9 7 1.09 1 108.0
9 8 0.71 1 88.0
9 9 0.5 1 68.0
10 1 3.74 1 250.0
10 2 3.37 1 230.0
10 3 2.99 1 210.0
10 4 2.62 1 190.0
10 5 2.24 1 170.0
10 6 1.87 1 150.0
10 7 1.5 1 130.0
10 8 1.12 1 110.0
10 9 0.75 1 90.0
10 10 0.5 1 70.0
11 1 4.15 1 272.0
11 2 3.78 1 252.0
11 3 3.4 1 232.0
11 4 3.03 1 212.0
11 5 2.66 1 192.0
11 6 2.28 1 172.0
11 7 1.91 1 152.0
11 8 1.53 1 132.0
11 9 1.16 1 112.0
11 10 0.79 1 92.0
11 11 0.5 1 72.0
12 1 4.56 1 294.0
12 2 4.19 1 274.0
12 3 3.82 1 254.0
12 4 3.44 1 234.0
12 5 3.07 1 214.0
12 6 2.69 1 194.0
12 7 2.32 1 174.0
12 8 1.95 1 154.0
12 9 1.57 1 134.0
12 10 1.2 1 114.0
12 11 0.82 1 94.0
12 12 0.5 1 74.0
13 1 4.98 1 316.0
13 2 4.6 1 296.0
13 3 4.23 1 276.0
13 4 3.85 1 256.0
13 5 3.48 1 236.0
13 6 3.11 1 216.0
13 7 2.73 1 196.0
13 8 2.36 1 176.0
13 9 1.98 1 156.0
13 10 1.61 1 136.0
13 11 1.23 1 116.0
13 12 0.86 1 96.0
13 13 0.5 1 76.0
14 1 5.39 1 338.0
14 2 5.01 1 318.0
14 3 4.64 1 298.0
14 4 4.27 1 278.0
14 5 3.89 1 258.0
14 6 3.52 1 238.0
14 7 3.14 1 218.0
14 8 2.77 1 198.0
14 9 2.39 1 178.0
14 10 2.02 1 158.0
14 11 1.65 1 138.0
14 12 1.27 1 118.0
14 13 0.9 1 98.0
14 14 0.52 1 78.0
15 1 5.8 1 360.0
15 2 5.43 1 340.0
15 3 5.05 1 320.0
15 4 4.68 1 300.0
15 5 4.3 1 280.0
15 6 3.93 1 260.0
15 7 3.55 1 240.0
15 8 3.18 1 220.0
15 9 2.81 1 200.0
15 10 2.43 1 180.0
15 11 2.06 1 160.0
15 12 1.68 1 140.0
15 13 1.31 1 120.0
15 14 0.94 1 100.0
15 15 0.56 1 80.0
16 1 6.21 1 382.0
16 2 5.84 1 362.0
16 3 5.46 1 342.0
16 4 5.09 1 322.0
16 5 4.71 1 302.0
16 6 4.34 1 282.0
16 7 3.97 1 262.0
16 8 3.59 1 242.0
16 9 3.22 1 222.0
16 10 2.84 1 202.0
16 11 2.47 1 182.0
16 12 2.1 1 162.0
16 13 1.72 1 142.0
16 14 1.35 1 122.0
16 15 0.97 1 102.0
16 16 0.6 1 82.0
17 1 6.62 1 404.0
17 2 6.25 1 384.0
17 3 5.87 1 364.0
17 4 5.5 1 344.0
17 5 5.13 1 324.0
17 6 4.75 1 304.0
17 7 4.38 1 284.0
17 8 4.0 1 264.0
17 9 3.63 1 244.0
17 10 3.26 1 224.0
17 11 2.88 1 204.0
17 12 2.51 1 184.0
17 13 2.13 1 164.0
17 14 1.76 1 144.0
17 15 1.38 1 124.0
17 16 1.01 1 104.0
17 17 0.64 1 84.0
18 1 7.03 1 426.0
18 2 6.66 1 406.0
18 3 6.29 1 386.0
18 4 5.91 1 366.0
18 5 5.54 1 346.0
18 6 5.16 1 326.0
18 7 4.79 1 306.0
18 8 4.41 1 286.0
18 9 4.04 1 266.0
18 10 3.67 1 246.0
18 11 3.29 1 226.0
18 12 2.92 1 206.0
18 13 2.54 1 186.0
18 14 2.17 1 166.0
18 15 1.8 1 146.0
18 16 1.42 1 126.0
18 17 1.05 1 106.0
18 18 0.67 1 86.0
19 1 7.45 1 448.0
19 2 7.07 1 428.0
19 3 6.7 1 408.0
19 4 6.32 1 388.0
19 5 5.95 1 368.0
19 6 5.57 1 348.0
19 7 5.2 1 328.0
19 8 4.83 1 308.0
19 9 4.45 1 288.0
19 10 4.08 1 268.0
19 11 3.7 1 248.0
19 12 3.33 1 228.0
19 13 2.96 1 208.0
19 14 2.58 1 188.0
19 15 2.21 1 168.0
19 16 1.83 1 148.0
19 17 1.46 1 128.0
19 18 1.09 1 108.0
19 19 0.71 1 88.0
20 1 7.86 1 470.0
20 2 7.48 1 450.0
20 3 7.11 1 430.0
20 4 6.73 1 410.0
20 5 6.36 1 390.0
20 6 5.99 1 370.0
20 7 5.61 1 350.0
20 8 5.24 1 330.0
20 9 4.86 1 310.0
20 10 4.49 1 290.0
20 11 4.12 1 270.0
20 12 3.74 1 250.0
20 13 3.37 1 230.0
20 14 2.99 1 210.0
20 15 2.62 1 190.0
20 16 2.24 1 170.0
20 17 1.87 1 150.0
20 18 1.5 1 130.0
20 19 1.12 1 110.0
20 20 0.75 1 90.0
21 1 8.27 1 492.0
21 2 7.89 1 472.0
21 3 7.52 1 452.0
21 4 7.15 1 432.0
21 5 6.77 1 412.0
21 6 6.4 1 392.0
21 7 6.02 1 372.0
21 8 5.65 1 352.0
21 9 5.28 1 332.0
21 10 4.9 1 312.0
21 11 4.53 1 292.0
21 12 4.15 1 272.0
21 13 3.78 1 252.0
21 14 3.4 1 232.0
21 15 3.03 1 212.0
21 16 2.66 1 192.0
21 17 2.28 1 172.0
21 18 1.91 1 152.0
21 19 1.53 1 132.0
21 20 1.16 1 112.0
21 21 0.79 1 92.0
22 1 8.68 1 514.0
22 2 8.31 1 494.0
22 3 7.93 1 474.0
22 4 7.56 1 454.0
22 5 7.18 1 434.0
22 6 6.81 1 414.0
22 7 6.44 1 394.0
22 8 6.06 1 374.0
22 9 5.69 1 354.0
22 10 5.31 1 334.0
22 11 4.94 1 314.0
22 12 4.56 1 294.0
22 13 4.19 1 274.0
22 14 3.82 1 254.0
22 15 3.44 1 234.0
22 16 3.07 1 214.0
22 17 2.69 1 194.0
22 18 2.32 1 174.0
22 19 1.95 1 154.0
22 20 1.57 1 134.0
22 21 1.2 1 114.0
22 22 0.82 1 94.0
23 1 9.09 1 536.0
23 2 8.72 1 516.0
23 3 8.34 1 496.0
23 4 7.97 1 476.0
23 5 7.6 1 456.0
23 6 7.22 1 436.0
23 7 6.85 1 416.0
23 8 6.47 1 396.0
23 9 6.1 1 376.0
23 10 5.72 1 356.0
23 11 5.35 1 336.0
23 12 4.98 1 316.0
23 13 4.6 1 296.0
23 14 4.23 1 276.0
23 15 3.85 1 256.0
23 16 3.48 1 236.0
23 17 3.11 1 216.0
23 18 2.73 1 196.0
23 19 2.36 1 176.0
23 20 1.98 1 156.0
23 21 1.61 1 136.0
23 22 1.23 1 116.0
23 23 0.86 1 96.0
24 1 9.5 1 558.0
24 2 9.13 1 538.0
24 3 8.75 1 518.0
24 4 8.38 1 498.0
24 5 8.01 1 478.0
24 6 7.63 1 458.0
24 7 7.26 1 438.0
24 8 6.88 1 418.0
24 9 6.51 1 398.0
24 10 6.14 1 378.0
24 11 5.76 1 358.0
24 12 5.39 1 338.0
24 13 5.01 1 318.0
24 14 4.64 1 298.0
24 15 4.27 1 278.0
24 16 3.89 1 258.0
24 17 3.52 1 238.0
24 18 3.14 1 218.0
24 19 2.77 1 198.0
24 20 2.39 1 178.0
24 21 2.02 1 158.0
24 22 1.65 1 138.0
24 23 1.27 1 118.0
24 24 0.9 1 98.0
25 1 9.91 1 580.0
25 2 9.54 1 560.0
25 3 9.17 1 540.0
25 4 8.79 1 520.0
25 5 8.42 1 500.0
25 6 8.04 1 480.0
25 7 7.67 1 460.0
25 8 7.3 1 440.0
25 9 6.92 1 420.0
25 10 6.55 1 400.0
25 11 6.17 1 380.0
25 12 5.8 1 360.0
25 13 5.43 1 340.0
25 14 5.05 1 320.0
25 15 4.68 1 300.0
25 16 4.3 1 280.0
25 17 3.93 1 260.0
25 18 3.55 1 240.0
25 19 3.18 1 220.0
25 20 2.81 1 200.0
25 21 2.43 1 180.0
25 22 2.06 1 160.0
25 23 1.68 1 140.0
25 24 1.31 1 120.0
25 25 0.94 1 100.0
26 1 10.33 1 602.0
26 2 9.95 1 582.0
26 3 9.58 1 562.0
26 4 9.2 1 542.0
26 5 8.83 1 522.0
26 6 8.46 1 502.0
26 7 8.08 1 482.0
26 8 7.71 1 462.0
26 9 7.33 1 442.0
26 10 6.96 1 422.0
26 11 6.58 1 402.0
26 12 6.21 1 382.0
26 13 5.84 1 362.0
26 14 5.46 1 342.0
26 15 5.09 1 322.0
26 16 4.71 1 302.0
26 17 4.34 1 282.0
26 18 3.97 1 262.0
26 19 3.59 1 242.0
26 20 3.22 1 222.0
26 21 2.84 1 202.0
26 22 2.47 1 182.0
26 23 2.1 1 162.0
26 24 1.72 1 142.0
26 25 1.35 1 122.0
26 26 0.97 1 102.0
27 1 10.74 1 624.0
27 2 10.36 1 604.0
27 3 9.99 1 584.0
27 4 9.62 1 564.0
27 5 9.24 1 544.0
27 6 8.87 1 524.0
27 7 8.49 1 504.0
27 8 8.12 1 484.0
27 9 7.74 1 464.0
27 10 7.37 1 444.0
27 11 7.0 1 424.0
27 12 6.62 1 404.0
27 13 6.25 1 384.0
27 14 5.87 1 364.0
27 15 5.5 1 344.0
27 16 5.13 1 324.0
27 17 4.75 1 304.0
27 18 4.38 1 284.0
27 19 4.0 1 264.0
27 20 3.63 1 244.0
27 21 3.26 1 224.0
27 22 2.88 1 204.0
27 23 2.51 1 184.0
27 24 2.13 1 164.0
27 25 1.76 1 144.0
27 26 1.38 1 124.0
27 27 1.01 1 104.0
28 1 11.15 1 646.0
28 2 10.78 1 626.0
28 3 10.4 1 606.0
28 4 10.03 1 586.0
28 5 9.65 1 566.0
28 6 9.28 1 546.0
28 7 8.9 1 526.0
28 8 8.53 1 506.0
28 9 8.16 1 486.0
28 10 7.78 1 466.0
28 11 7.41 1 446.0
28 12 7.03 1 426.0
28 13 6.66 1 406.0
28 14 6.29 1 386.0
28 15 5.91 1 366.0
28 16 5.54 1 346.0
28 17 5.16 1 326.0
28 18 4.79 1 306.0
28 19 4.41 1 286.0
28 20 4.04 1 266.0
28 21 3.67 1 246.0
28 22 3.29 1 226.0
28 23 2.92 1 206.0
28 24 2.54 1 186.0
28 25 2.17 1 166.0
28 26 1.8 1 146.0
28 27 1.42 1 126.0
28 28 1.05 1 106.0
29 1 11.56 1 668.0
29 2 11.19 1 648.0
29 3 10.81 1 628.0
29 4 10.44 1 608.0
29 5 10.06 1 588.0
29 6 9.69 1 568.0
29 7 9.32 1 548.0
29 8 8.94 1 528.0
29 9 8.57 1 508.0
29 10 8.19 1 488.0
29 11 7.82 1 468.0
29 12 7.45 1 448.0
29 13 7.07 1 428.0
29 14 6.7 1 408.0
29 15 6.32 1 388.0
29 16 5.95 1 368.0
29 17 5.57 1 348.0
29 18 5.2 1 328.0
29 19 4.83 1 308.0
29 20 4.45 1 288.0
29 21 4.08 1 268.0
29 22 3.7 1 248.0
29 23 3.33 1 228.0
29 24 2.96 1 208.0
29 25 2.58 1 188.0
29 26 2.21 1 168.0
29 27 1.83 1 148.0
29 28 1.46 1 128.0
29 29 1.09 1 108.0
30 1 11.97 1 690.0
30 2 11.6 1 670.0
30 3 11.22 1 650.0
30 4 10.85 1 630.0
30 5 10.48 1 610.0
30 6 10.1 1 590.0
30 7 9.73 1 570.0
30 8 9.35 1 550.0
30 9 8.98 1 530.0
30 10 8.61 1 510.0
30 11 8.23 1 490.0
30 12 7.86 1 470.0
30 13 7.48 1 450.0
30 14 7.11 1 430.0
30 15 6.73 1 410.0
30 16 6.36 1 390.0
30 17 5.99 1 370.0
30 18 5.61 1 350.0
30 19 5.24 1 330.0
30 20 4.86 1 310.0
30 21 4.49 1 290.0
30 22 4.12 1 270.0
30 23 3.74 1 250.0
30 24 3.37 1 230.0
30 25 2.99 1 210.0
30 26 2.62 1 190.0
30 27 2.24 1 170.0
30 28 1.87 1 150.0
30 29 1.5 1 130.0
30 30 1.12 1 110.0
31 1 12.38 1 712.0
31 2 12.01 1 692.0
31 3 11.64 1 672.0
31 4 11.26 1 652.0
31 5 10.89 1 632.0
31 6 10.51 1 612.0
31 7 10.14 1 592.0
31 8 9.77 1 572.0
31 9 9.39 1 552.0
31 10 9.02 1 532.0
31 11 8.64 1 512.0
31 12 8.27 1 492.0
31 13 7.89 1 472.0
31 14 7.52 1 452.0
31 15 7.15 1 432.0
31 16 6.77 1 412.0
31 17 6.4 1 392.0
31 18 6.02 1 372.0
31 19 5.65 1 352.0
31 20 5.28 1 332.0
31 21 4.9 1 312.0
31 22 4.53 1 292.0
31 23 4.15 1 272.0
31 24 3.78 1 252.0
31 25 3.4 1 232.0
31 26 3.03 1 212.0
31 27 2.66 1 192.0
31 28 2.28 1 172.0
31 29 1.91 1 152.0
31 30 1.53 1 132.0
31 31 1.16 1 112.0
32 1 12.8 1 734.0
32 2 12.42 1 714.0
32 3 12.05 1 694.0
32 4 11.67 1 674.0
32 5 11.3 1 654.0
32 6 10.92 1 634.0
32 7 10.55 1 614.0
32 8 10.18 1 594.0
32 9 9.8 1 574.0
32 10 9.43 1 554.0
32 11 9.05 1 534.0
32 12 8.68 1 514.0
32 13 8.31 1 494.0
32 14 7.93 1 474.0
32 15 7.56 1 454.0
32 16 7.18 1 434.0
32 17 6.81 1 414.0
32 18 6.44 1 394.0
32 19 6.06 1 374.0
32 20 5.69 1 354.0
32 21 5.31 1 334.0
32 22 4.94 1 314.0
32 23 4.56 1 294.0
32 24 4.19 1 274.0
32 25 3.82 1 254.0
32 26 3.44 1 234.0
32 27 3.07 1 214.0
32 28 2.69 1 194.0
32 29 2.32 1 174.0
32 30 1.95 1 154.0
32 31 1.57 1 134.0
32 32 1.2 1 114.0
33 1 13.21 1 756.0
33 2 12.83 1 736.0
33 3 12.46 1 716.0
33 4 12.08 1 696.0
33 5 11.71 1 676.0
33 6 11.34 1 656.0
33 7 10.96 1 636.0
33 8 10.59 1 616.0
33 9 10.21 1 596.0
33 10 9.84 1 576.0
33 11 9.47 1 556.0
33 12 9.09 1 536.0
33 13 8.72 1 516.0
33 14 8.34 1 496.0
33 15 7.97 1 476.0
33 16 7.6 1 456.0
33 17 7.22 1 436.0
33 18 6.85 1 416.0
33 19 6.47 1 396.0
33 20 6.1 1 376.0
33 21 5.72 1 356.0
33 22 5.35 1 336.0
33 23 4.98 1 316.0
33 24 4.6 1 296.0
33 25 4.23 1 276.0
33 26 3.85 1 256.0
33 27 3.48 1 236.0
33 28 3.11 1 216.0
33 29 2.73 1 196.0
33 30 2.36 1 176.0
33 31 1.98 1 156.0
33 32 1.61 1 136.0
33 33 1.23 1 116.0
34 1 13.62 1 778.0
34 2 13.24 1 758.0
34 3 12.87 1 738.0
34 4 12.5 1 718.0
34 5 12.12 1 698.0
34 6 11.75 1 678.0
34 7 11.37 1 658.0
34 8 11.0 1 638.0
34 9 10.63 1 618.0
34 10 10.25 1 598.0
34 11 9.88 1 578.0
34 12 9.5 1 558.0
34 13 9.13 1 538.0
34 14 8.75 1 518.0
34 15 8.38 1 498.0
34 16 8.01 1 478.0
34 17 7.63 1 458.0
34 18 7.26 1 438.0
34 19 6.88 1 418.0
34 20 6.51 1 398.0
34 21 6.14 1 378.0
34 22 5.76 1 358.0
34 23 5.39 1 338.0
34 24 5.01 1 318.0
34 25 4.64 1 298.0
34 26 4.27 1 278.0
34 27 3.89 1 258.0
34 28 3.52 1 238.0
34 29 3.14 1 218.0
34 30 2.77 1 198.0
34 31 2.39 1 178.0
34 32 2.02 1 158.0
34 33 1.65 1 138.0
34 34 1.27 1 118.0
35 1 14.03 1 800.0
35 2 13.66 1 780.0
35 3 13.28 1 760.0
35 4 12.91 1 740.0
35 5 12.53 1 720.0
35 6 12.16 1 700.0
35 7 11.79 1 680.0
35 8 11.41 1 660.0
35 9 11.04 1 640.0
35 10 10.66 1 620.0
35 11 10.29 1 600.0
35 12 9.91 1 580.0
35 13 9.54 1 560.0
35 14 9.17 1 540.0
35 15 8.79 1 520.0
35 16 8.42 1 500.0
35 17 8.04 1 480.0
35 18 7.67 1 460.0
35 19 7.3 1 440.0
35 20 6.92 1 420.0
35 21 6.55 1 400.0
35 22 6.17 1 380.0
35 23 5.8 1 360.0
35 24 5.43 1 340.0
35 25 5.05 1 320.0
35 26 4.68 1 300.0
35 27 4.3 1 280.0
35 28 3.93 1 260.0
35 29 3.55 1 240.0
35 30 3.18 1 220.0
35 31 2.81 1 200.0
35 32 2.43 1 180.0
35 33 2.06 1 160.0
35 34 1.68 1 140.0
35 35 1.31 1 120.0
36 1 14.44 1 822.0
36 2 14.07 1 802.0
36 3 13.69 1 782.0
36 4 13.32 1 762.0
36 5 12.95 1 742.0
36 6 12.57 1 722.0
36 7 12.2 1 702.0
36 8 11.82 1 682.0
36 9 11.45 1 662.0
36 10 11.07 1 642.0
36 11 10.7 1 622.0
36 12 10.33 1 602.0
36 13 9.95 1 582.0
36 14 9.58 1 562.0
36 15 9.2 1 542.0
36 16 8.83 1 522.0
36 17 8.46 1 502.0
36 18 8.08 1 482.0
36 19 7.71 1 462.0
36 20 7.33 1 442.0
36 21 6.96 1 422.0
36 22 6.58 1 402.0
36 23 6.21 1 382.0
36 24 5.84 1 362.0
36 25 5.46 1 342.0
36 26 5.09 1 322.0
36 27 4.71 1 302.0
36 28 4.34 1 282.0
36 29 3.97 1 262.0
36 30 3.59 1 242.0
36 31 3.22 1 222.0
36 32 2.84 1 202.0
36 33 2.47 1 182.0
36 34 2.1 1 162.0
36 35 1.72 1 142.0
36 36 1.35 1 122.0
37 1 14.85 1 844.0
37 2 14.48 1 824.0
37 3 14.11 1 804.0
37 4 13.73 1 784.0
37 5 13.36 1 764.0
37 6 12.98 1 744.0
37 7 12.61 1 724.0
37 8 12.23 1 704.0
37 9 11.86 1 684.0
37 10 11.49 1 664.0
37 11 11.11 1 644.0
37 12 10.74 1 624.0
37 13 10.36 1 604.0
37 14 9.99 1 584.0
37 15 9.62 1 564.0
37 16 9.24 1 544.0
37 17 8.87 1 524.0
37 18 8.49 1 504.0
37 19 8.12 1 484.0
37 20 7.74 1 464.0
37 21 7.37 1 444.0
37 22 7.0 1 424.0
37 23 6.62 1 404.0
37 24 6.25 1 384.0
37 25 5.87 1 364.0
37 26 5.5 1 344.0
37 27 5.13 1 324.0
37 28 4.75 1 304.0
37 29 4.38 1 284.0
37 30 4.0 1 264.0
37 31 3.63 1 244.0
37 32 3.26 1 224.0
37 33 2.88 1 204.0
37 34 2.51 1 184.0
37 35 2.13 1 164.0
37 36 1.76 1 144.0
37 37 1.38 1 124.0
38 1 15.26 1 866.0
38 2 14.89 1 846.0
38 3 14.52 1 826.0
38 4 14.14 1 806.0
38 5 13.77 1 786.0
38 6 13.39 1 766.0
38 7 13.02 1 746.0
38 8 12.65 1 726.0
38 9 12.27 1 706.0
38 10 11.9 1 686.0
38 11 11.52 1 666.0
38 12 11.15 1 646.0
38 13 10.78 1 626.0
38 14 10.4 1 606.0
38 15 10.03 1 586.0
38 16 9.65 1 566.0
38 17 9.28 1 546.0
38 18 8.9 1 526.0
38 19 8.53 1 506.0
38 20 8.16 1 486.0
38 21 7.78 1 466.0
38 22 7.41 1 446.0
38 23 7.03 1 426.0
38 24 6.66 1 406.0
38 25 6.29 1 386.0
38 26 5.91 1 366.0
38 27 5.54 1 346.0
38 28 5.16 1 326.0
38 29 4.79 1 306.0
38 30 4.41 1 286.0
38 31 4.04 1 266.0
38 32 3.67 1 246.0
38 33 3.29 1 226.0
38 34 2.92 1 206.0
38 35 2.54 1 186.0
38 36 2.17 1 166.0
38 37 1.8 1 146.0
38 38 1.42 1 126.0
39 1 15.68 1 888.0
39 2 15.3 1 868.0
39 3 14.93 1 848.0
39 4 14.55 1 828.0
39 5 14.18 1 808.0
39 6 13.81 1 788.0
39 7 13.43 1 768.0
39 8 13.06 1 748.0
39 9 12.68 1 728.0
39 10 12.31 1 708.0
39 11 11.94 1 688.0
39 12 11.56 1 668.0
39 13 11.19 1 648.0
39 14 10.81 1 628.0
39 15 10.44 1 608.0
39 16 10.06 1 588.0
39 17 9.69 1 568.0
39 18 9.32 1 548.0
39 19 8.94 1 528.0
39 20 8.57 1 508.0
39 21 8.19 1 488.0
39 22 7.82 1 468.0
39 23 7.45 1 448.0
39 24 7.07 1 428.0
39 25 6.7 1 408.0
39 26 6.32 1 388.0
39 27 5.95 1 368.0
39 28 5.57 1 348.0
39 29 5.2 1 328.0
39 30 4.83 1 308.0
39 31 4.45 1 288.0
39 32 4.08 1 268.0
39 33 3.7 1 248.0
39 34 3.33 1 228.0
39 35 2.96 1 208.0
39 36 2.58 1 188.0
39 37 2.21 1 168.0
39 38 1.83 1 148.0
39 39 1.46 1 128.0
40 1 16.09 1 910.0
40 2 15.71 1 890.0
40 3 15.34 1 870.0
40 4 14.97 1 850.0
40 5 14.59 1 830.0
40 6 14.22 1 810.0
40 7 13.84 1 790.0
40 8 13.47 1 770.0
40 9 13.09 1 750.0
40 10 12.72 1 730.0
40 11 12.35 1 710.0
40 12 11.97 1 690.0
40 13 11.6 1 670.0
40 14 11.22 1 650.0
40 15 10.85 1 630.0
40 16 10.48 1 610.0
40 17 10.1 1 590.0
40 18 9.73 1 570.0
40 19 9.35 1 550.0
40 20 8.98 1 530.0
40 21 8.61 1 510.0
40 22 8.23 1 490.0
40 23 7.86 1 470.0
40 24 7.48 1 450.0
40 25 7.11 1 430.0
40 26 6.73 1 410.0
40 27 6.36 1 390.0
40 28 5.99 1 370.0
40 29 5.61 1 350.0
40 30 5.24 1 330.0
40 31 4.86 1 310.0
40 32 4.49 1 290.0
40 33 4.12 1 270.0
40 34 3.74 1 250.0
40 35 3.37 1 230.0
40 36 2.99 1 210.0
40 37 2.62 1 190.0
40 38 2.24 1 170.0
40 39 1.87 1 150.0
40 40 1.5 1 130.0
41 1 16.5 1 932.0
41 2 16.13 1 912.0
41 3 15.75 1 892.0
41 4 15.38 1 872.0
41 5 15.0 1 852.0
41 6 14.63 1 832.0
41 7 14.25 1 812.0
41 8 13.88 1 792.0
41 9 13.51 1 772.0
41 10 13.13 1 752.0
41 11 12.76 1 732.0
41 12 12.38 1 712.0
41 13 12.01 1 692.0
41 14 11.64 1 672.0
41 15 11.26 1 652.0
41 16 10.89 1 632.0
41 17 10.51 1 612.0
41 18 10.14 1 592.0
41 19 9.77 1 572.0
41 20 9.39 1 552.0
41 21 9.02 1 532.0
41 22 8.64 1 512.0
41 23 8.27 1 492.0
41 24 7.89 1 472.0
41 25 7.52 1 452.0
41 26 7.15 1 432.0
41 27 6.77 1 412.0
41 28 6.4 1 392.0
41 29 6.02 1 372.0
41 30 5.65 1 352.0
41 31 5.28 1 332.0
41 32 4.9 1 312.0
41 33 4.53 1 292.0
41 34 4.15 1 272.0
41 35 3.78 1 252.0
41 36 3.4 1 232.0
41 37 3.03 1 212.0
41 38 2.66 1 192.0
41 39 2.28 1 172.0
41 40 1.91 1 152.0
41 41 1.53 1 132.0
42 1 16.91 1 954.0
42 2 16.54 1 934.0
42 3 16.16 1 914.0
42 4 15.79 1 894.0
42 5 15.41 1 874.0
42 6 15.04 1 854.0
42 7 14.67 1 834.0
42 8 14.29 1 814.0
42 9 13.92 1 794.0
42 10 13.54 1 774.0
42 11 13.17 1 754.0
42 12 12.8 1 734.0
42 13 12.42 1 714.0
42 14 12.05 1 694.0
42 15 11.67 1 674.0
42 16 11.3 1 654.0
42 17 10.92 1 634.0
42 18 10.55 1 614.0
42 19 10.18 1 594.0
42 20 9.8 1 574.0
42 21 9.43 1 554.0
42 22 9.05 1 534.0
42 23 8.68 1 514.0
42 24 8.31 1 494.0
42 25 7.93 1 474.0
42 26 7.56 1 454.0
42 27 7.18 1 434.0
42 28 6.81 1 414.0
42 29 6.44 1 394.0
42 30 6.06 1 374.0
42 31 5.69 1 354.0
42 32 5.31 1 334.0
42 33 4.94 1 314.0
42 34 4.56 1 294.0
42 35 4.19 1 274.0
42 36 3.82 1 254.0
42 37 3.44 1 234.0
42 38 3.07 1 214.0
42 39 2.69 1 194.0
42 40 2.32 1 174.0
42 41 1.95 1 154.0
42 42 1.57 1 134.0
43 1 17.32 1 976.0
43 2 16.95 1 956.0
43 3 16.57 1 936.0
43 4 16.2 1 916.0
43 5 15.83 1 896.0
43 6 15.45 1 876.0
43 7 15.08 1 856.0
43 8 14.7 1 836.0
43 9 14.33 1 816.0
43 10 13.96 1 796.0
43 11 13.58 1 776.0
43 12 13.21 1 756.0
43 13 12.83 1 736.0
43 14 12.46 1 716.0
43 15 12.08 1 696.0
43 16 11.71 1 676.0
43 17 11.34 1 656.0
43 18 10.96 1 636.0
43 19 10.59 1 616.0
43 20 10.21 1 596.0
43 21 9.84 1 576.0
43 22 9.47 1 556.0
43 23 9.09 1 536.0
43 24 8.72 1 516.0
43 25 8.34 1 496.0
43 26 7.97 1 476.0
43 27 7.6 1 456.0
43 28 7.22 1 436.0
43 29 6.85 1 416.0
43 30 6.47 1 396.0
43 31 6.1 1 376.0
43 32 5.72 1 356.0
43 33 5.35 1 336.0
43 34 4.98 1 316.0
43 35 4.6 1 296.0
43 36 4.23 1 276.0
43 37 3.85 1 256.0
43 38 3.48 1 236.0
43 39 3.11 1 216.0
43 40 2.73 1 196.0
43 41 2.36 1 176.0
43 42 1.98 1 156.0
43 43 1.61 1 136.0
44 1 17.73 1 998.0
44 2 17.36 1 978.0
44 3 16.99 1 958.0
44 4 16.61 1 938.0
44 5 16.24 1 918.0
44 6 15.86 1 898.0
44 7 15.49 1 878.0
44 8 15.12 1 858.0
44 9 14.74 1 838.0
44 10 14.37 1 818.0
44 11 13.99 1 798.0
44 12 13.62 1 778.0
44 13 13.24 1 758.0
44 14 12.87 1 738.0
44 15 12.5 1 718.0
44 16 12.12 1 698.0
44 17 11.75 1 678.0
44 18 11.37 1 658.0
44 19 11.0 1 638.0
44 20 10.63 1 618.0
44 21 10.25 1 598.0
44 22 9.88 1 578.0
44 23 9.5 1 558.0
44 24 9.13 1 538.0
44 25 8.75 1 518.0
44 26 8.38 1 498.0
44 27 8.01 1 478.0
44 28 7.63 1 458.0
44 29 7.26 1 438.0
44 30 6.88 1 418.0
44 31 6.51 1 398.0
44 32 6.14 1 378.0
44 33 5.76 1 358.0
44 34 5.39 1 338.0
44 35 5.01 1 318.0
44 36 4.64 1 298.0
44 37 4.27 1 278.0
44 38 3.89 1 258.0
44 39 3.52 1 238.0
44 40 3.14 1 218.0
44 41 2.77 1 198.0
44 42 2.39 1 178.0
44 43 2.02 1 158.0
44 44 1.65 1 138.0
45 1 18.15 1 1020.0
45 2 17.77 1 1000.0
45 3 17.4 1 980.0
45 4 17.02 1 960.0
45 5 16.65 1 940.0
45 6 16.28 1 920.0
45 7 15.9 1 900.0
45 8 15.53 1 880.0
45 9 15.15 1 860.0
45 10 14.78 1 840.0
45 11 14.4 1 820.0
45 12 14.03 1 800.0
45 13 13.66 1 780.0
45 14 13.28 1 760.0
45 15 12.91 1 740.0
45 16 12.53 1 720.0
45 17 12.16 1 700.0
45 18 11.79 1 680.0
45 19 11.41 1 660.0
45 20 11.04 1 640.0
45 21 10.66 1 620.0
45 22 10.29 1 600.0
45 23 9.91 1 580.0
45 24 9.54 1 560.0
45 25 9.17 1 540.0
45 26 8.79 1 520.0
45 27 8.42 1 500.0
45 28 8.04 1 480.0
45 29 7.67 1 460.0
45 30 7.3 1 440.0
45 31 6.92 1 420.0
45 32 6.55 1 400.0
45 33 6.17 1 380.0
45 34 5.8 1 360.0
45 35 5.43 1 340.0
45 36 5.05 1 320.0
45 37 4.68 1 300.0
45 38 4.3 1 280.0
45 39 3.93 1 260.0
45 40 3.55 1 240.0
45 41 3.18 1 220.0
45 42 2.81 1 200.0
45 43 2.43 1 180.0
45 44 2.06 1 160.0
45 45 1.68 1 140.0
46 1 18.56 1 1042.0
46 2 18.18 1 1022.0
46 3 17.81 1 1002.0
46 4 17.43 1 982.0
46 5 17.06 1 962.0
46 6 16.69 1 942.0
46 7 16.31 1 922.0
46 8 15.94 1 902.0
46 9 15.56 1 882.0
46 10 15.19 1 862.0
46 11 14.82 1 842.0
46 12 14.44 1 822.0
46 13 14.07 1 802.0
46 14 13.69 1 782.0
46 15 13.32 1 762.0
46 16 12.95 1 742.0
46 17 12.57 1 722.0
46 18 12.2 1 702.0
46 19 11.82 1 682.0
46 20 11.45 1 662.0
46 21 11.07 1 642.0
46 22 10.7 1 622.0
46 23 10.33 1 602.0
46 24 9.95 1 582.0
46 25 9.58 1 562.0
46 26 9.2 1 542.0
46 27 8.83 1 522.0
46 28 8.46 1 502.0
46 29 8.08 1 482.0
46 30 7.71 1 462.0
46 31 7.33 1 442.0
46 32 6.96 1 422.0
46 33 6.58 1 402.0
46 34 6.21 1 382.0
46 35 5.84 1 362.0
46 36 5.46 1 342.0
46 37 5.09 1 322.0
46 38 4.71 1 302.0
46 39 4.34 1 282.0
46 40 3.97 1 262.0
46 41 3.59 1 242.0
46 42 3.22 1 222.0
46 43 2.84 1 202.0
46 44 2.47 1 182.0
46 45 2.1 1 162.0
46 46 1.72 1 142.0
47 1 18.97 1 1064.0
47 2 18.59 1 1044.0
47 3 18.22 1 1024.0
47 4 17.85 1 1004.0
47 5 17.47 1 984.0
47 6 17.1 1 964.0
47 7 16.72 1 944.0
47 8 16.35 1 924.0
47 9 15.98 1 904.0
47 10 15.6 1 884.0
47 11 15.23 1 864.0
47 12 14.85 1 844.0
47 13 14.48 1 824.0
47 14 14.11 1 804.0
47 15 13.73 1 784.0
47 16 13.36 1 764.0
47 17 12.98 1 744.0
47 18 12.61 1 724.0
47 19 12.23 1 704.0
47 20 11.86 1 684.0
47 21 11.49 1 664.0
47 22 11.11 1 644.0
47 23 10.74 1 624.0
47 24 10.36 1 604.0
47 25 9.99 1 584.0
47 26 9.62 1 564.0
47 27 9.24 1 544.0
47 28 8.87 1 524.0
47 29 8.49 1 504.0
47 30 8.12 1 484.0
47 31 7.74 1 464.0
47 32 7.37 1 444.0
47 33 7.0 1 424.0
47 34 6.62 1 404.0
47 35 6.25 1 384.0
47 36 5.87 1 364.0
47 37 5.5 1 344.0
47 38 5.13 1 324.0
47 39 4.75 1 304.0
47 40 4.38 1 284.0
47 41 4.0 1 264.0
47 42 3.63 1 244.0
47 43 3.26 1 224.0
47 44 2.88 1 204.0
47 45 2.51 1 184.0
47 46 2.13 1 164.0
47 47 1.76 1 144.0
48 1 19.38 1 1086.0
48 2 19.01 1 1066.0
48 3 18.63 1 1046.0
48 4 18.26 1 1026.0
48 5 17.88 1 1006.0
48 6 17.51 1 986.0
48 7 17.14 1 966.0
48 8 16.76 1 946.0
48 9 16.39 1 926.0
48 10 16.01 1 906.0
48 11 15.64 1 886.0
48 12 15.26 1 866.0
48 13 14.89 1 846.0
48 14 14.52 1 826.0
48 15 14.14 1 806.0
48 16 13.77 1 786.0
48 17 13.39 1 766.0
48 18 13.02 1 746.0
48 19 12.65 1 726.0
48 20 12.27 1 706.0
48 21 11.9 1 686.0
48 22 11.52 1 666.0
48 23 11.15 1 646.0
48 24 10.78 1 626.0
48 25 10.4 1 606.0
48 26 10.03 1 586.0
48 27 9.65 1 566.0
48 28 9.28 1 546.0
48 29 8.9 1 526.0
48 30 8.53 1 506.0
48 31 8.16 1 486.0
48 32 7.78 1 466.0
48 33 7.41 1 446.0
48 34 7.03 1 426.0
48 35 6.66 1 406.0
48 36 6.29 1 386.0
48 37 5.91 1 366.0
48 38 5.54 1 346.0
48 39 5.16 1 326.0
48 40 4.79 1 306.0
48 41 4.41 1 286.0
48 42 4.04 1 266.0
48 43 3.67 1 246.0
48 44 3.29 1 226.0
48 45 2.92 1 206.0
48 46 2.54 1 186.0
48 47 2.17 1 166.0
48 48 1.8 1 146.0
49 1 19.79 1 1108.0
49 2 19.42 1 1088.0
49 3 19.04 1 1068.0
49 4 18.67 1 1048.0
49 5 18.3 1 1028.0
49 6 17.92 1 1008.0
49 7 17.55 1 988.0
49 8 17.17 1 968.0
49 9 16.8 1 948.0
49 10 16.42 1 928.0
49 11 16.05 1 908.0
49 12 15.68 1 888.0
49 13 15.3 1 868.0
49 14 14.93 1 848.0
49 15 14.55 1 828.0
49 16 14.18 1 808.0
49 17 13.81 1 788.0
49 18 13.43 1 768.0
49 19 13.06 1 748.0
49 20 12.68 1 728.0
49 21 12.31 1 708.0
49 22 11.94 1 688.0
49 23 11.56 1 668.0
49 24 11.19 1 648.0
49 25 10.81 1 628.0
49 26 10.44 1 608.0
49 27 10.06 1 588.0
49 28 9.69 1 568.0
49 29 9.32 1 548.0
49 30 8.94 1 528.0
49 31 8.57 1 508.0
49 32 8.19 1 488.0
49 33 7.82 1 468.0
49 34 7.45 1 448.0
49 35 7.07 1 428.0
49 36 6.7 1 408.0
49 37 6.32 1 388.0
49 38 5.95 1 368.0
49 39 5.57 1 348.0
49 40 5.2 1 328.0
49 41 4.83 1 308.0
49 42 4.45 1 288.0
49 43 4.08 1 268.0
49 44 3.7 1 248.0
49 45 3.33 1 228.0
49 46 2.96 1 208.0
49 47 2.58 1 188.0
49 48 2.21 1 168.0
49 49 1.83 1 148.0
50 1 20.2 1 1130.0
50 2 19.83 1 1110.0
50 3 19.46 1 1090.0
50 4 19.08 1 1070.0
50 5 18.71 1 1050.0
50 6 18.33 1 1030.0
50 7 17.96 1 1010.0
50 8 17.58 1 990.0
50 9 17.21 1 970.0
50 10 16.84 1 950.0
50 11 16.46 1 930.0
50 12 16.09 1 910.0
50 13 15.71 1 890.0
50 14 15.34 1 870.0
50 15 14.97 1 850.0
50 16 14.59 1 830.0
50 17 14.22 1 810.0
50 18 13.84 1 790.0
50 19 13.47 1 770.0
50 20 13.09 1 750.0
50 21 12.72 1 730.0
50 22 12.35 1 710.0
50 23 11.97 1 690.0
50 24 11.6 1 670.0
50 25 11.22 1 650.0
50 26 10.85 1 630.0
50 27 10.48 1 610.0
50 28 10.1 1 590.0
50 29 9.73 1 570.0
50 30 9.35 1 550.0
50 31 8.98 1 530.0
50 32 8.61 1 510.0
50 33 8.23 1 490.0
50 34 7.86 1 470.0
50 35 7.48 1 450.0
50 36 7.11 1 430.0
50 37 6.73 1 410.0
50 38 6.36 1 390.0
50 39 5.99 1 370.0
50 40 5.61 1 350.0
50 41 5.24 1 330.0
50 42 4.86 1 310.0
50 43 4.49 1 290.0
50 44 4.12 1 270.0
50 45 3.74 1 250.0
50 46 3.37 1 230.0
50 47 2.99 1 210.0
50 48 2.62 1 190.0
50 49 2.24 1 170.0
50 50 1.87 1 150.0
51 1 20.62 1 1152.0
51 2 20.24 1 1132.0
51 3 19.87 1 1112.0
51 4 19.49 1 1092.0
51 5 19.12 1 1072.0
51 6 18.74 1 1052.0
51 7 18.37 1 1032.0
51 8 18.0 1 1012.0
51 9 17.62 1 992.0
51 10 17.25 1 972.0
51 11 16.87 1 952.0
51 12 16.5 1 932.0
51 13 16.13 1 912.0
51 14 15.75 1 892.0
51 15 15.38 1 872.0
51 16 15.0 1 852.0
51 17 14.63 1 832.0
51 18 14.25 1 812.0
51 19 13.88 1 792.0
51 20 13.51 1 772.0
51 21 13.13 1 752.0
51 22 12.76 1 732.0
51 23 12.38 1 712.0
51 24 12.01 1 692.0
51 25 11.64 1 672.0
51 26 11.26 1 652.0
51 27 10.89 1 632.0
51 28 10.51 1 612.0
51 29 10.14 1 592.0
51 30 9.77 1 572.0
51 31 9.39 1 552.0
51 32 9.02 1 532.0
51 33 8.64 1 512.0
51 34 8.27 1 492.0
51 35 7.89 1 472.0
51 36 7.52 1 452.0
51 37 7.15 1 432.0
51 38 6.77 1 412.0
51 39 6.4 1 392.0
51 40 6.02 1 372.0
51 41 5.65 1 352.0
51 42 5.28 1 332.0
51 43 4.9 1 312.0
51 44 4.53 1 292.0
51 45 4.15 1 272.0
51 46 3.78 1 252.0
51 47 3.4 1 232.0
51 48 3.03 1 212.0
51 49 2.66 1 192.0
51 50 2.28 1 172.0
51 51 1.91 1 152.0
52 1 21.03 1 1174.0
52 2 20.65 1 1154.0
52 3 20.28 1 1134.0
52 4 19.9 1 1114.0
52 5 19.53 1 1094.0
52 6 19.16 1 1074.0
52 7 18.78 1 1054.0
52 8 18.41 1 1034.0
52 9 18.03 1 1014.0
52 10 17.66 1 994.0
52 11 17.29 1 974.0
52 12 16.91 1 954.0
52 13 16.54 1 934.0
52 14 16.16 1 914.0
52 15 15.79 1 894.0
52 16 15.41 1 874.0
52 17 15.04 1 854.0
52 18 14.67 1 834.0
52 19 14.29 1 814.0
52 20 13.92 1 794.0
52 21 13.54 1 774.0
52 22 13.17 1 754.0
52 23 12.8 1 734.0
52 24 12.42 1 714.0
52 25 12.05 1 694.0
52 26 11.67 1 674.0
52 27 11.3 1 654.0
52 28 10.92 1 634.0
52 29 10.55 1 614.0
52 30 10.18 1 594.0
52 31 9.8 1 574.0
52 32 9.43 1 554.0
52 33 9.05 1 534.0
52 34 8.68 1 514.0
52 35 8.31 1 494.0
52 36 7.93 1 474.0
52 37 7.56 1 454.0
52 38 7.18 1 434.0
52 39 6.81 1 414.0
52 40 6.44 1 394.0
52 41 6.06 1 374.0
52 42 5.69 1 354.0
52 43 5.31 1 334.0
52 44 4.94 1 314.0
52 45 4.56 1 294.0
52 46 4.19 1 274.0
52 47 3.82 1 254.0
52 48 3.44 1 234.0
52 49 3.07 1 214.0
52 50 2.69 1 194.0
52 51 2.32 1 174.0
52 52 1.95 1 154.0
53 1 21.44 1 1196.0
53 2 21.06 1 1176.0
53 3 20.69 1 1156.0
53 4 20.32 1 1136.0
53 5 19.94 1 1116.0
53 6 19.57 1 1096.0
53 7 19.19 1 1076.0
53 8 18.82 1 1056.0
53 9 18.45 1 1036.0
53 10 18.07 1 1016.0
53 11 17.7 1 996.0
53 12 17.32 1 976.0
53 13 16.95 1 956.0
53 14 16.57 1 936.0
53 15 16.2 1 916.0
53 16 15.83 1 896.0
53 17 15.45 1 876.0
53 18 15.08 1 856.0
53 19 14.7 1 836.0
53 20 14.33 1 816.0
53 21 13.96 1 796.0
53 22 13.58 1 776.0
53 23 13.21 1 756.0
53 24 12.83 1 736.0
53 25 12.46 1 716.0
53 26 12.08 1 696.0
53 27 11.71 1 676.0
53 28 11.34 1 656.0
53 29 10.96 1 636.0
53 30 10.59 1 616.0
53 31 10.21 1 596.0
53 32 9.84 1 576.0
53 33 9.47 1 556.0
53 34 9.09 1 536.0
53 35 8.72 1 516.0
53 36 8.34 1 496.0
53 37 7.97 1 476.0
53 38 7.6 1 456.0
53 39 7.22 1 436.0
53 40 6.85 1 416.0
53 41 6.47 1 396.0
53 42 6.1 1 376.0
53 43 5.72 1 356.0
53 44 5.35 1 336.0
53 45 4.98 1 316.0
53 46 4.6 1 296.0
53 47 4.23 1 276.0
53 48 3.85 1 256.0
53 49 3.48 1 236.0
53 50 3.11 1 216.0
53 51 2.73 1 196.0
53 52 2.36 1 176.0
53 53 1.98 1 156.0
54 1 21.85 1 1218.0
54 2 21.48 1 1198.0
54 3 21.1 1 1178.0
54 4 20.73 1 1158.0
54 5 20.35 1 1138.0
54 6 19.98 1 1118.0
54 7 19.6 1 1098.0
54 8 19.23 1 1078.0
54 9 18.86 1 1058.0
54 10 18.48 1 1038.0
54 11 18.11 1 1018.0
54 12 17.73 1 998.0
54 13 17.36 1 978.0
54 14 16.99 1 958.0
54 15 16.61 1 938.0
54 16 16.24 1 918.0
54 17 15.86 1 898.0
54 18 15.49 1 878.0
54 19 15.12 1 858.0
54 20 14.74 1 838.0
54 21 14.37 1 818.0
54 22 13.99 1 798.0
54 23 13.62 1 778.0
54 24 13.24 1 758.0
54 25 12.87 1 738.0
54 26 12.5 1 718.0
54 27 12.12 1 698.0
54 28 11.75 1 678.0
54 29 11.37 1 658.0
54 30 11.0 1 638.0
54 31 10.63 1 618.0
54 32 10.25 1 598.0
54 33 9.88 1 578.0
54 34 9.5 1 558.0
54 35 9.13 1 538.0
54 36 8.75 1 518.0
54 37 8.38 1 498.0
54 38 8.01 1 478.0
54 39 7.63 1 458.0
54 40 7.26 1 438.0
54 41 6.88 1 418.0
54 42 6.51 1 398.0
54 43 6.14 1 378.0
54 44 5.76 1 358.0
54 45 5.39 1 338.0
54 46 5.01 1 318.0
54 47 4.64 1 298.0
54 48 4.27 1 278.0
54 49 3.89 1 258.0
54 50 3.52 1 238.0
54 51 3.14 1 218.0
54 52 2.77 1 198.0
54 53 2.39 1 178.0
54 54 2.02 1 158.0
55 1 22.26 1 1240.0
55 2 21.89 1 1220.0
55 3 21.51 1 1200.0
55 4 21.14 1 1180.0
55 5 20.76 1 1160.0
55 6 20.39 1 1140.0
55 7 20.02 1 1120.0
55 8 19.64 1 1100.0
55 9 19.27 1 1080.0
55 10 18.89 1 1060.0
55 11 18.52 1 1040.0
55 12 18.15 1 1020.0
55 13 17.77 1 1000.0
55 14 17.4 1 980.0
55 15 17.02 1 960.0
55 16 16.65 1 940.0
55 17 16.28 1 920.0
55 18 15.9 1 900.0
55 19 15.53 1 880.0
55 20 15.15 1 860.0
55 21 14.78 1 840.0
55 22 14.4 1 820.0
55 23 14.03 1 800.0
55 24 13.66 1 780.0
55 25 13.28 1 760.0
55 26 12.91 1 740.0
55 27 12.53 1 720.0
55 28 12.16 1 700.0
55 29 11.79 1 680.0
55 30 11.41 1 660.0
55 31 11.04 1 640.0
55 32 10.66 1 620.0
55 33 10.29 1 600.0
55 34 9.91 1 580.0
55 35 9.54 1 560.0
55 36 9.17 1 540.0
55 37 8.79 1 520.0
55 38 8.42 1 500.0
55 39 8.04 1 480.0
55 40 7.67 1 460.0
55 41 7.3 1 440.0
55 42 6.92 1 420.0
55 43 6.55 1 400.0
55 44 6.17 1 380.0
55 45 5.8 1 360.0
55 46 5.43 1 340.0
55 47 5.05 1 320.0
55 48 4.68 1 300.0
55 49 4.3 1 280.0
55 50 3.93 1 260.0
55 51 3.55 1 240.0
55 52 3.18 1 220.0
55 53 2.81 1 200.0
55 54 2.43 1 180.0
55 55 2.06 1 160.0
56 1 22.67 1 1262.0
56 2 22.3 1 1242.0
56 3 21.92 1 1222.0
56 4 21.55 1 1202.0
56 5 21.18 1 1182.0
56 6 20.8 1 1162.0
56 7 20.43 1 1142.0
56 8 20.05 1 1122.0
56 9 19.68 1 1102.0
56 10 19.31 1 1082.0
56 11 18.93 1 1062.0
56 12 18.56 1 1042.0
56 13 18.18 1 1022.0
56 14 17.81 1 1002.0
56 15 17.43 1 982.0
56 16 17.06 1 962.0
56 17 16.69 1 942.0
56 18 16.31 1 922.0
56 19 15.94 1 902.0
56 20 15.56 1 882.0
56 21 15.19 1 862.0
56 22 14.82 1 842.0
56 23 14.44 1 822.0
56 24 14.07 1 802.0
56 25 13.69 1 782.0
56 26 13.32 1 762.0
56 27 12.95 1 742.0
56 28 12.57 1 722.0
56 29 12.2 1 702.0
56 30 11.82 1 682.0
56 31 11.45 1 662.0
56 32 11.07 1 642.0
56 33 10.7 1 622.0
56 34 10.33 1 602.0
56 35 9.95 1 582.0
56 36 9.58 1 562.0
56 37 9.2 1 542.0
56 38 8.83 1 522.0
56 39 8.46 1 502.0
56 40 8.08 1 482.0
56 41 7.71 1 462.0
56 42 7.33 1 442.0
56 43 6.96 1 422.0
56 44 6.58 1 402.0
56 45 6.21 1 382.0
56 46 5.84 1 362.0
56 47 5.46 1 342.0
56 48 5.09 1 322.0
56 49 4.71 1 302.0
56 50 4.34 1 282.0
56 51 3.97 1 262.0
56 52 3.59 1 242.0
56 53 3.22 1 222.0
56 54 2.84 1 202.0
56 55 2.47 1 182.0
56 56 2.1 1 162.0
57 1 23.08 1 1284.0
57 2 22.71 1 1264.0
57 3 22.34 1 1244.0
57 4 21.96 1 1224.0
57 5 21.59 1 1204.0
57 6 21.21 1 1184.0
57 7 20.84 1 1164.0
57 8 20.47 1 1144.0
57 9 20.09 1 1124.0
57 10 19.72 1 1104.0
57 11 19.34 1 1084.0
57 12 18.97 1 1064.0
57 13 18.59 1 1044.0
57 14 18.22 1 1024.0
57 15 17.85 1 1004.0
57 16 17.47 1 984.0
57 17 17.1 1 964.0
57 18 16.72 1 944.0
57 19 16.35 1 924.0
57 20 15.98 1 904.0
57 21 15.6 1 884.0
57 22 15.23 1 864.0
57 23 14.85 1 844.0
57 24 14.48 1 824.0
57 25 14.11 1 804.0
57 26 13.73 1 784.0
57 27 13.36 1 764.0
57 28 12.98 1 744.0
57 29 12.61 1 724.0
57 30 12.23 1 704.0
57 31 11.86 1 684.0
57 32 11.49 1 664.0
57 33 11.11 1 644.0
57 34 10.74 1 624.0
57 35 10.36 1 604.0
57 36 9.99 1 584.0
57 37 9.62 1 564.0
57 38 9.24 1 544.0
57 39 8.87 1 524.0
57 40 8.49 1 504.0
57 41 8.12 1 484.0
57 42 7.74 1 464.0
57 43 7.37 1 444.0
57 44 7.0 1 424.0
57 45 6.62 1 404.0
57 46 6.25 1 384.0
57 47 5.87 1 364.0
57 48 5.5 1 344.0
57 49 5.13 1 324.0
57 50 4.75 1 304.0
57 51 4.38 1 284.0
57 52 4.0 1 264.0
57 53 3.63 1 244.0
57 54 3.26 1 224.0
57 55 2.88 1 204.0
57 56 2.51 1 184.0
57 57 2.13 1 164.0
58 1 23.5 1 1306.0
58 2 23.12 1 1286.0
58 3 22.75 1 1266.0
58 4 22.37 1 1246.0
58 5 22.0 1 1226.0
58 6 21.63 1 1206.0
58 7 21.25 1 1186.0
58 8 20.88 1 1166.0
58 9 20.5 1 1146.0
58 10 20.13 1 1126.0
58 11 19.75 1 1106.0
58 12 19.38 1 1086.0
58 13 19.01 1 1066.0
58 14 18.63 1 1046.0
58 15 18.26 1 1026.0
58 16 17.88 1 1006.0
58 17 17.51 1 986.0
58 18 17.14 1 966.0
58 19 16.76 1 946.0
58 20 16.39 1 926.0
58 21 16.01 1 906.0
58 22 15.64 1 886.0
58 23 15.26 1 866.0
58 24 14.89 1 846.0
58 25 14.52 1 826.0
58 26 14.14 1 806.0
58 27 13.77 1 786.0
58 28 13.39 1 766.0
58 29 13.02 1 746.0
58 30 12.65 1 726.0
58 31 12.27 1 706.0
58 32 11.9 1 686.0
58 33 11.52 1 666.0
58 34 11.15 1 646.0
58 35 10.78 1 626.0
58 36 10.4 1 606.0
58 37 10.03 1 586.0
58 38 9.65 1 566.0
58 39 9.28 1 546.0
58 40 8.9 1 526.0
58 41 8.53 1 506.0
58 42 8.16 1 486.0
58 43 7.78 1 466.0
58 44 7.41 1 446.0
58 45 7.03 1 426.0
58 46 6.66 1 406.0
58 47 6.29 1 386.0
58 48 5.91 1 366.0
58 49 5.54 1 346.0
58 50 5.16 1 326.0
58 51 4.79 1 306.0
58 52 4.41 1 286.0
58 53 4.04 1 266.0
58 54 3.67 1 246.0
58 55 3.29 1 226.0
58 56 2.92 1 206.0
58 57 2.54 1 186.0
58 58 2.17 1 166.0
59 1 23.91 1 1328.0
59 2 23.53 1 1308.0
59 3 23.16 1 1288.0
59 4 22.79 1 1268.0
59 5 22.41 1 1248.0
59 6 22.04 1 1228.0
59 7 21.66 1 1208.0
59 8 21.29 1 1188.0
59 9 20.91 1 1168.0
59 10 20.54 1 1148.0
59 11 20.17 1 1128.0
59 12 19.79 1 1108.0
59 13 19.42 1 1088.0
59 14 19.04 1 1068.0
59 15 18.67 1 1048.0
59 16 18.3 1 1028.0
59 17 17.92 1 1008.0
59 18 17.55 1 988.0
59 19 17.17 1 968.0
59 20 16.8 1 948.0
59 21 16.42 1 928.0
59 22 16.05 1 908.0
59 23 15.68 1 888.0
59 24 15.3 1 868.0
59 25 14.93 1 848.0
59 26 14.55 1 828.0
59 27 14.18 1 808.0
59 28 13.81 1 788.0
59 29 13.43 1 768.0
59 30 13.06 1 748.0
59 31 12.68 1 728.0
59 32 12.31 1 708.0
59 33 11.94 1 688.0
59 34 11.56 1 668.0
59 35 11.19 1 648.0
59 36 10.81 1 628.0
59 37 10.44 1 608.0
59 38 10.06 1 588.0
59 39 9.69 1 568.0
59 40 9.32 1 548.0
59 41 8.94 1 528.0
59 42 8.57 1 508.0
59 43 8.19 1 488.0
59 44 7.82 1 468.0
59 45 7.45 1 448.0
59 46 7.07 1 428.0
59 47 6.7 1 408.0
59 48 6.32 1 388.0
59 49 5.95 1 368.0
59 50 5.57 1 348.0
59 51 5.2 1 328.0
59 52 4.83 1 308.0
59 53 4.45 1 288.0
59 54 4.08 1 268.0
59 55 3.7 1 248.0
59 56 3.33 1 228.0
59 57 2.96 1 208.0
59 58 2.58 1 188.0
59 59 2.21 1 168.0
60 1 24.32 1 1350.0
60 2 23.94 1 1330.0
60 3 23.57 1 1310.0
60 4 23.2 1 1290.0
60 5 22.82 1 1270.0
60 6 22.45 1 1250.0
60 7 22.07 1 1230.0
60 8 21.7 1 1210.0
60 9 21.33 1 1190.0
60 10 20.95 1 1170.0
60 11 20.58 1 1150.0
60 12 20.2 1 1130.0
60 13 19.83 1 1110.0
60 14 19.46 1 1090.0
60 15 19.08 1 1070.0
60 16 18.71 1 1050.0
60 17 18.33 1 1030.0
60 18 17.96 1 1010.0
60 19 17.58 1 990.0
60 20 17.21 1 970.0
60 21 16.84 1 950.0
60 22 16.46 1 930.0
60 23 16.09 1 910.0
60 24 15.71 1 890.0
60 25 15.34 1 870.0
60 26 14.97 1 850.0
60 27 14.59 1 830.0
60 28 14.22 1 810.0
60 29 13.84 1 790.0
60 30 13.47 1 770.0
60 31 13.09 1 750.0
60 32 12.72 1 730.0
60 33 12.35 1 710.0
60 34 11.97 1 690.0
60 35 11.6 1 670.0
60 36 11.22 1 650.0
60 37 10.85 1 630.0
60 38 10.48 1 610.0
60 39 10.1 1 590.0
60 40 9.73 1 570.0
60 41 9.35 1 550.0
60 42 8.98 1 530.0
60 43 8.61 1 510.0
60 44 8.23 1 490.0
60 45 7.86 1 470.0
60 46 7.48 1 450.0
60 47 7.11 1 430.0
60 48 6.73 1 410.0
60 49 6.36 1 390.0
60 50 5.99 1 370.0
60 51 5.61 1 350.0
60 52 5.24 1 330.0
60 53 4.86 1 310.0
60 54 4.49 1 290.0
60 55 4.12 1 270.0
60 56 3.74 1 250.0
60 57 3.37 1 230.0
60 58 2.99 1 210.0
60 59 2.62 1 190.0
60 60 2.24 1 170.0
61 1 24.73 1 1372.0
61 2 24.36 1 1352.0
61 3 23.98 1 1332.0
61 4 23.61 1 1312.0
61 5 23.23 1 1292.0
61 6 22.86 1 1272.0
61 7 22.49 1 1252.0
61 8 22.11 1 1232.0
61 9 21.74 1 1212.0
61 10 21.36 1 1192.0
61 11 20.99 1 1172.0
61 12 20.62 1 1152.0
61 13 20.24 1 1132.0
61 14 19.87 1 1112.0
61 15 19.49 1 1092.0
61 16 19.12 1 1072.0
61 17 18.74 1 1052.0
61 18 18.37 1 1032.0
61 19 18.0 1 1012.0
61 20 17.62 1 992.0
61 21 17.25 1 972.0
61 22 16.87 1 952.0
61 23 16.5 1 932.0
61 24 16.13 1 912.0
61 25 15.75 1 892.0
61 26 15.38 1 872.0
61 27 15.0 1 852.0
61 28 14.63 1 832.0
61 29 14.25 1 812.0
61 30 13.88 1 792.0
61 31 13.51 1 772.0
61 32 13.13 1 752.0
61 33 12.76 1 732.0
61 34 12.38 1 712.0
61 35 12.01 1 692.0
61 36 11.64 1 672.0
61 37 11.26 1 652.0
61 38 10.89 1 632.0
61 39 10.51 1 612.0
61 40 10.14 1 592.0
61 41 9.77 1 572.0
61 42 9.39 1 552.0
61 43 9.02 1 532.0
61 44 8.64 1 512.0
61 45 8.27 1 492.0
61 46 7.89 1 472.0
61 47 7.52 1 452.0
61 48 7.15 1 432.0
61 49 6.77 1 412.0
61 50 6.4 1 392.0
61 51 6.02 1 372.0
61 52 5.65 1 352.0
61 53 5.28 1 332.0
61 54 4.9 1 312.0
61 55 4.53 1 292.0
61 56 4.15 1 272.0
61 57 3.78 1 252.0
61 58 3.4 1 232.0
61 59 3.03 1 212.0
61 60 2.66 1 192.0
61 61 2.28 1 172.0
62 1 25.14 1 1394.0
62 2 24.77 1 1374.0
62 3 24.39 1 1354.0
62 4 24.02 1 1334.0
62 5 23.65 1 1314.0
62 6 23.27 1 1294.0
62 7 22.9 1 1274.0
62 8 22.52 1 1254.0
62 9 22.15 1 1234.0
62 10 21.77 1 1214.0
62 11 21.4 1 1194.0
62 12 21.03 1 1174.0
62 13 20.65 1 1154.0
62 14 20.28 1 1134.0
62 15 19.9 1 1114.0
62 16 19.53 1 1094.0
62 17 19.16 1 1074.0
62 18 18.78 1 1054.0
62 19 18.41 1 1034.0
62 20 18.03 1 1014.0
62 21 17.66 1 994.0
62 22 17.29 1 974.0
62 23 16.91 1 954.0
62 24 16.54 1 934.0
62 25 16.16 1 914.0
62 26 15.79 1 894.0
62 27 15.41 1 874.0
62 28 15.04 1 854.0
62 29 14.67 1 834.0
62 30 14.29 1 814.0
62 31 13.92 1 794.0
62 32 13.54 1 774.0
62 33 13.17 1 754.0
62 34 12.8 1 734.0
62 35 12.42 1 714.0
62 36 12.05 1 694.0
62 37 11.67 1 674.0
62 38 11.3 1 654.0
62 39 10.92 1 634.0
62 40 10.55 1 614.0
62 41 10.18 1 594.0
62 42 9.8 1 574.0
62 43 9.43 1 554.0
62 44 9.05 1 534.0
62 45 8.68 1 514.0
62 46 8.31 1 494.0
62 47 7.93 1 474.0
62 48 7.56 1 454.0
62 49 7.18 1 434.0
62 50 6.81 1 414.0
62 51 6.44 1 394.0
62 52 6.06 1 374.0
62 53 5.69 1 354.0
62 54 5.31 1 334.0
62 55 4.94 1 314.0
62 56 4.56 1 294.0
62 57 4.19 1 274.0
62 58 3.82 1 254.0
62 59 3.44 1 234.0
62 60 3.07 1 214.0
62 61 2.69 1 194.0
62 62 2.32 1 174.0
63 1 25.55 1 1416.0
63 2 25.18 1 1396.0
63 3 24.81 1 1376.0
63 4 24.43 1 1356.0
63 5 24.06 1 1336.0
63 6 23.68 1 1316.0
63 7 23.31 1 1296.0
63 8 22.93 1 1276.0
63 9 22.56 1 1256.0
63 10 22.19 1 1236.0
63 11 21.81 1 1216.0
63 12 21.44 1 1196.0
63 13 21.06 1 1176.0
63 14 20.69 1 1156.0
63 15 20.32 1 1136.0
63 16 19.94 1 1116.0
63 17 19.57 1 1096.0
63 18 19.19 1 1076.0
63 19 18.82 1 1056.0
63 20 18.45 1 1036.0
63 21 18.07 1 1016.0
63 22 17.7 1 996.0
63 23 17.32 1 976.0
63 24 16.95 1 956.0
63 25 16.57 1 936.0
63 26 16.2 1 916.0
63 27 15.83 1 896.0
63 28 15.45 1 876.0
63 29 15.08 1 856.0
63 30 14.7 1 836.0
63 31 14.33 1 816.0
63 32 13.96 1 796.0
63 33 13.58 1 776.0
63 34 13.21 1 756.0
63 35 12.83 1 736.0
63 36 12.46 1 716.0
63 37 12.08 1 696.0
63 38 11.71 1 676.0
63 39 11.34 1 656.0
63 40 10.96 1 636.0
63 41 10.59 1 616.0
63 42 10.21 1 596.0
63 43 9.84 1 576.0
63 44 9.47 1 556.0
63 45 9.09 1 536.0
63 46 8.72 1 516.0
63 47 8.34 1 496.0
63 48 7.97 1 476.0
63 49 7.6 1 456.0
63 50 7.22 1 436.0
63 51 6.85 1 416.0
63 52 6.47 1 396.0
63 53 6.1 1 376.0
63 54 5.72 1 356.0
63 55 5.35 1 336.0
63 56 4.98 1 316.0
63 57 4.6 1 296.0
63 58 4.23 1 276.0
63 59 3.85 1 256.0
63 60 3.48 1 236.0
63 61 3.11 1 216.0
63 62 2.73 1 196.0
63 63 2.36 1 176.0
64 1 25.97 1 1438.0
64 2 25.59 1 1418.0
64 3 25.22 1 1398.0
64 4 24.84 1 1378.0
64 5 24.47 1 1358.0
64 6 24.09 1 1338.0
64 7 23.72 1 1318.0
64 8 23.35 1 1298.0
64 9 22.97 1 1278.0
64 10 22.6 1 1258.0
64 11 22.22 1 1238.0
64 12 21.85 1 1218.0
64 13 21.48 1 1198.0
64 14 21.1 1 1178.0
64 15 20.73 1 1158.0
64 16 20.35 1 1138.0
64 17 19.98 1 1118.0
64 18 19.6 1 1098.0
64 19 19.23 1 1078.0
64 20 18.86 1 1058.0
64 21 18.48 1 1038.0
64 22 18.11 1 1018.0
64 23 17.73 1 998.0
64 24 17.36 1 978.0
64 25 16.99 1 958.0
64 26 16.61 1 938.0
64 27 16.24 1 918.0
64 28 15.86 1 898.0
64 29 15.49 1 878.0
64 30 15.12 1 858.0
64 31 14.74 1 838.0
64 32 14.37 1 818.0
64 33 13.99 1 798.0
64 34 13.62 1 778.0
64 35 13.24 1 758.0
64 36 12.87 1 738.0
64 37 12.5 1 718.0
64 38 12.12 1 698.0
64 39 11.75 1 678.0
64 40 11.37 1 658.0
64 41 11.0 1 638.0
64 42 10.63 1 618.0
64 43 10.25 1 598.0
64 44 9.88 1 578.0
64 45 9.5 1 558.0
64 46 9.13 1 538.0
64 47 8.75 1 518.0
64 48 8.38 1 498.0
64 49 8.01 1 478.0
64 50 7.63 1 458.0
64 51 7.26 1 438.0
64 52 6.88 1 418.0
64 53 6.51 1 398.0
64 54 6.14 1 378.0
64 55 5.76 1 358.0
64 56 5.39 1 338.0
64 57 5.01 1 318.0
64 58 4.64 1 298.0
64 59 4.27 1 278.0
64 60 3.89 1 258.0
64 61 3.52 1 238.0
64 62 3.14 1 218.0
64 63 2.77 1 198.0
64 64 2.39 1 178.0
65 1 26.38 1 1460.0
65 2 26.0 1 1440.0
65 3 25.63 1 1420.0
65 4 25.25 1 1400.0
65 5 24.88 1 1380.0
65 6 24.51 1 1360.0
65 7 24.13 1 1340.0
65 8 23.76 1 1320.0
65 9 23.38 1 1300.0
65 10 23.01 1 1280.0
65 11 22.64 1 1260.0
65 12 22.26 1 1240.0
65 13 21.89 1 1220.0
65 14 21.51 1 1200.0
65 15 21.14 1 1180.0
65 16 20.76 1 1160.0
65 17 20.39 1 1140.0
65 18 20.02 1 1120.0
65 19 19.64 1 1100.0
65 20 19.27 1 1080.0
65 21 18.89 1 1060.0
65 22 18.52 1 1040.0
65 23 18.15 1 1020.0
65 24 17.77 1 1000.0
65 25 17.4 1 980.0
65 26 17.02 1 960.0
65 27 16.65 1 940.0
65 28 16.28 1 920.0
65 29 15.9 1 900.0
65 30 15.53 1 880.0
65 31 15.15 1 860.0
65 32 14.78 1 840.0
65 33 14.4 1 820.0
65 34 14.03 1 800.0
65 35 13.66 1 780.0
65 36 13.28 1 760.0
65 37 12.91 1 740.0
65 38 12.53 1 720.0
65 39 12.16 1 700.0
65 40 11.79 1 680.0
65 41 11.41 1 660.0
65 42 11.04 1 640.0
65 43 10.66 1 620.0
65 44 10.29 1 600.0
65 45 9.91 1 580.0
65 46 9.54 1 560.0
65 47 9.17 1 540.0
65 48 8.79 1 520.0
65 49 8.42 1 500.0
65 50 8.04 1 480.0
65 51 7.67 1 460.0
65 52 7.3 1 440.0
65 53 6.92 1 420.0
65 54 6.55 1 400.0
65 55 6.17 1 380.0
65 56 5.8 1 360.0
65 57 5.43 1 340.0
65 58 5.05 1 320.0
65 59 4.68 1 300.0
65 60 4.3 1 280.0
65 61 3.93 1 260.0
65 62 3.55 1 240.0
65 63 3.18 1 220.0
65 64 2.81 1 200.0
65 65 2.43 1 180.0
66 1 26.79 1 1482.0
66 2 26.41 1 1462.0
66 3 26.04 1 1442.0
66 4 25.67 1 1422.0
66 5 25.29 1 1402.0
66 6 24.92 1 1382.0
66 7 24.54 1 1362.0
66 8 24.17 1 1342.0
66 9 23.8 1 1322.0
66 10 23.42 1 1302.0
66 11 23.05 1 1282.0
66 12 22.67 1 1262.0
66 13 22.3 1 1242.0
66 14 21.92 1 1222.0
66 15 21.55 1 1202.0
66 16 21.18 1 1182.0
66 17 20.8 1 1162.0
66 18 20.43 1 1142.0
66 19 20.05 1 1122.0
66 20 19.68 1 1102.0
66 21 19.31 1 1082.0
66 22 18.93 1 1062.0
66 23 18.56 1 1042.0
66 24 18.18 1 1022.0
66 25 17.81 1 1002.0
66 26 17.43 1 982.0
66 27 17.06 1 962.0
66 28 16.69 1 942.0
66 29 16.31 1 922.0
66 30 15.94 1 902.0
66 31 15.56 1 882.0
66 32 15.19 1 862.0
66 33 14.82 1 842.0
66 34 14.44 1 822.0
66 35 14.07 1 802.0
66 36 13.69 1 782.0
66 37 13.32 1 762.0
66 38 12.95 1 742.0
66 39 12.57 1 722.0
66 40 12.2 1 702.0
66 41 11.82 1 682.0
66 42 11.45 1 662.0
66 43 11.07 1 642.0
66 44 10.7 1 622.0
66 45 10.33 1 602.0
66 46 9.95 1 582.0
66 47 9.58 1 562.0
66 48 9.2 1 542.0
66 49 8.83 1 522.0
66 50 8.46 1 502.0
66 51 8.08 1 482.0
66 52 7.71 1 462.0
66 53 7.33 1 442.0
66 54 6.96 1 422.0
66 55 6.58 1 402.0
66 56 6.21 1 382.0
66 57 5.84 1 362.0
66 58 5.46 1 342.0
66 59 5.09 1 322.0
66 60 4.71 1 302.0
66 61 4.34 1 282.0
66 62 3.97 1 262.0
66 63 3.59 1 242.0
66 64 3.22 1 222.0
66 65 2.84 1 202.0
66 66 2.47 1 182.0
67 1 27.2 1 1504.0
67 2 26.83 1 1484.0
67 3 26.45 1 1464.0
67 4 26.08 1 1444.0
67 5 25.7 1 1424.0
67 6 25.33 1 1404.0
67 7 24.96 1 1384.0
67 8 24.58 1 1364.0
67 9 24.21 1 1344.0
67 10 23.83 1 1324.0
67 11 23.46 1 1304.0
67 12 23.08 1 1284.0
67 13 22.71 1 1264.0
67 14 22.34 1 1244.0
67 15 21.96 1 1224.0
67 16 21.59 1 1204.0
67 17 21.21 1 1184.0
67 18 20.84 1 1164.0
67 19 20.47 1 1144.0
67 20 20.09 1 1124.0
67 21 19.72 1 1104.0
67 22 19.34 1 1084.0
67 23 18.97 1 1064.0
67 24 18.59 1 1044.0
67 25 18.22 1 1024.0
67 26 17.85 1 1004.0
67 27 17.47 1 984.0
67 28 17.1 1 964.0
67 29 16.72 1 944.0
67 30 16.35 1 924.0
67 31 15.98 1 904.0
67 32 15.6 1 884.0
67 33 15.23 1 864.0
67 34 14.85 1 844.0
67 35 14.48 1 824.0
67 36 14.11 1 804.0
67 37 13.73 1 784.0
67 38 13.36 1 764.0
67 39 12.98 1 744.0
67 40 12.61 1 724.0
67 41 12.23 1 704.0
67 42 11.86 1 684.0
67 43 11.49 1 664.0
67 44 11.11 1 644.0
67 45 10.74 1 624.0
67 46 10.36 1 604.0
67 47 9.99 1 584.0
67 48 9.62 1 564.0
67 49 9.24 1 544.0
67 50 8.87 1 524.0
67 51 8.49 1 504.0
67 52 8.12 1 484.0
67 53 7.74 1 464.0
67 54 7.37 1 444.0
67 55 7.0 1 424.0
67 56 6.62 1 404.0
67 57 6.25 1 384.0
67 58 5.87 1 364.0
67 59 5.5 1 344.0
67 60 5.13 1 324.0
67 61 4.75 1 304.0
67 62 4.38 1 284.0
67 63 4.0 1 264.0
67 64 3.63 1 244.0
67 65 3.26 1 224.0
67 66 2.88 1 204.0
67 67 2.51 1 184.0
68 1 27.61 1 1526.0
68 2 27.24 1 1506.0
68 3 26.86 1 1486.0
68 4 26.49 1 1466.0
68 5 26.11 1 1446.0
68 6 25.74 1 1426.0
68 7 25.37 1 1406.0
68 8 24.99 1 1386.0
68 9 24.62 1 1366.0
68 10 24.24 1 1346.0
68 11 23.87 1 1326.0
68 12 23.5 1 1306.0
68 13 23.12 1 1286.0
68 14 22.75 1 1266.0
68 15 22.37 1 1246.0
68 16 22.0 1 1226.0
68 17 21.63 1 1206.0
68 18 21.25 1 1186.0
68 19 20.88 1 1166.0
68 20 20.5 1 1146.0
68 21 20.13 1 1126.0
68 22 19.75 1 1106.0
68 23 19.38 1 1086.0
68 24 19.01 1 1066.0
68 25 18.63 1 1046.0
68 26 18.26 1 1026.0
68 27 17.88 1 1006.0
68 28 17.51 1 986.0
68 29 17.14 1 966.0
68 30 16.76 1 946.0
68 31 16.39 1 926.0
68 32 16.01 1 906.0
68 33 15.64 1 886.0
68 34 15.26 1 866.0
68 35 14.89 1 846.0
68 36 14.52 1 826.0
68 37 14.14 1 806.0
68 38 13.77 1 786.0
68 39 13.39 1 766.0
68 40 13.02 1 746.0
68 41 12.65 1 726.0
68 42 12.27 1 706.0
68 43 11.9 1 686.0
68 44 11.52 1 666.0
68 45 11.15 1 646.0
68 46 10.78 1 626.0
68 47 10.4 1 606.0
68 48 10.03 1 586.0
68 49 9.65 1 566.0
68 50 9.28 1 546.0
68 51 8.9 1 526.0
68 52 8.53 1 506.0
68 53 8.16 1 486.0
68 54 7.78 1 466.0
68 55 7.41 1 446.0
68 56 7.03 1 426.0
68 57 6.66 1 406.0
68 58 6.29 1 386.0
68 59 5.91 1 366.0
68 60 5.54 1 346.0
68 61 5.16 1 326.0
68 62 4.79 1 306.0
68 63 4.41 1 286.0
68 64 4.04 1 266.0
68 65 3.67 1 246.0
68 66 3.29 1 226.0
68 67 2.92 1 206.0
68 68 2.54 1 186.0
69 1 28.02 1 1548.0
69 2 27.65 1 1528.0
69 3 27.27 1 1508.0
69 4 26.9 1 1488.0
69 5 26.53 1 1468.0
69 6 26.15 1 1448.0
69 7 25.78 1 1428.0
69 8 25.4 1 1408.0
69 9 25.03 1 1388.0
69 10 24.66 1 1368.0
69 11 24.28 1 1348.0
69 12 23.91 1 1328.0
69 13 23.53 1 1308.0
69 14 23.16 1 1288.0
69 15 22.79 1 1268.0
69 16 22.41 1 1248.0
69 17 22.04 1 1228.0
69 18 21.66 1 1208.0
69 19 21.29 1 1188.0
69 20 20.91 1 1168.0
69 21 20.54 1 1148.0
69 22 20.17 1 1128.0
69 23 19.79 1 1108.0
69 24 19.42 1 1088.0
69 25 19.04 1 1068.0
69 26 18.67 1 1048.0
69 27 18.3 1 1028.0
69 28 17.92 1 1008.0
69 29 17.55 1 988.0
69 30 17.17 1 968.0
69 31 16.8 1 948.0
69 32 16.42 1 928.0
69 33 16.05 1 908.0
69 34 15.68 1 888.0
69 35 15.3 1 868.0
69 36 14.93 1 848.0
69 37 14.55 1 828.0
69 38 14.18 1 808.0
69 39 13.81 1 788.0
69 40 13.43 1 768.0
69 41 13.06 1 748.0
69 42 12.68 1 728.0
69 43 12.31 1 708.0
69 44 11.94 1 688.0
69 45 11.56 1 668.0
69 46 11.19 1 648.0
69 47 10.81 1 628.0
69 48 10.44 1 608.0
69 49 10.06 1 588.0
69 50 9.69 1 568.0
69 51 9.32 1 548.0
69 52 8.94 1 528.0
69 53 8.57 1 508.0
69 54 8.19 1 488.0
69 55 7.82 1 468.0
69 56 7.45 1 448.0
69 57 7.07 1 428.0
69 58 6.7 1 408.0
69 59 6.32 1 388.0
69 60 5.95 1 368.0
69 61 5.57 1 348.0
69 62 5.2 1 328.0
69 63 4.83 1 308.0
69 64 4.45 1 288.0
69 65 4.08 1 268.0
69 66 3.7 1 248.0
69 67 3.33 1 228.0
69 68 2.96 1 208.0
69 69 2.58 1 188.0
70 1 28.43 1 1570.0
70 2 28.06 1 1550.0
70 3 27.69 1 1530.0
70 4 27.31 1 1510.0
70 5 26.94 1 1490.0
70 6 26.56 1 1470.0
70 7 26.19 1 1450.0
70 8 25.82 1 1430.0
70 9 25.44 1 1410.0
70 10 25.07 1 1390.0
70 11 24.69 1 1370.0
70 12 24.32 1 1350.0
70 13 23.94 1 1330.0
70 14 23.57 1 1310.0
70 15 23.2 1 1290.0
70 16 22.82 1 1270.0
70 17 22.45 1 1250.0
70 18 22.07 1 1230.0
70 19 21.7 1 1210.0
70 20 21.33 1 1190.0
70 21 20.95 1 1170.0
70 22 20.58 1 1150.0
70 23 20.2 1 1130.0
70 24 19.83 1 1110.0
70 25 19.46 1 1090.0
70 26 19.08 1 1070.0
70 27 18.71 1 1050.0
70 28 18.33 1 1030.0
70 29 17.96 1 1010.0
70 30 17.58 1 990.0
70 31 17.21 1 970.0
70 32 16.84 1 950.0
70 33 16.46 1 930.0
70 34 16.09 1 910.0
70 35 15.71 1 890.0
70 36 15.34 1 870.0
70 37 14.97 1 850.0
70 38 14.59 1 830.0
70 39 14.22 1 810.0
70 40 13.84 1 790.0
70 41 13.47 1 770.0
70 42 13.09 1 750.0
70 43 12.72 1 730.0
70 44 12.35 1 710.0
70 45 11.97 1 690.0
70 46 11.6 1 670.0
70 47 11.22 1 650.0
70 48 10.85 1 630.0
70 49 10.48 1 610.0
70 50 10.1 1 590.0
70 51 9.73 1 570.0
70 52 9.35 1 550.0
70 53 8.98 1 530.0
70 54 8.61 1 510.0
70 55 8.23 1 490.0
70 56 7.86 1 470.0
70 57 7.48 1 450.0
70 58 7.11 1 430.0
70 59 6.73 1 410.0
70 60 6.36 1 390.0
70 61 5.99 1 370.0
70 62 5.61 1 350.0
70 63 5.24 1 330.0
70 64 4.86 1 310.0
70 65 4.49 1 290.0
70 66 4.12 1 270.0
70 67 3.74 1 250.0
70 68 3.37 1 230.0
70 69 2.99 1 210.0
70 70 2.62 1 190.0
71 1 28.85 1 1592.0
71 2 28.47 1 1572.0
71 3 28.1 1 1552.0
71 4 27.72 1 1532.0
71 5 27.35 1 1512.0
71 6 26.98 1 1492.0
71 7 26.6 1 1472.0
71 8 26.23 1 1452.0
71 9 25.85 1 1432.0
71 10 25.48 1 1412.0
71 11 25.1 1 1392.0
71 12 24.73 1 1372.0
71 13 24.36 1 1352.0
71 14 23.98 1 1332.0
71 15 23.61 1 1312.0
71 16 23.23 1 1292.0
71 17 22.86 1 1272.0
71 18 22.49 1 1252.0
71 19 22.11 1 1232.0
71 20 21.74 1 1212.0
71 21 21.36 1 1192.0
71 22 20.99 1 1172.0
71 23 20.62 1 1152.0
71 24 20.24 1 1132.0
71 25 19.87 1 1112.0
71 26 19.49 1 1092.0
71 27 19.12 1 1072.0
71 28 18.74 1 1052.0
71 29 18.37 1 1032.0
71 30 18.0 1 1012.0
71 31 17.62 1 992.0
71 32 17.25 1 972.0
71 33 16.87 1 952.0
71 34 16.5 1 932.0
71 35 16.13 1 912.0
71 36 15.75 1 892.0
71 37 15.38 1 872.0
71 38 15.0 1 852.0
71 39 14.63 1 832.0
71 40 14.25 1 812.0
71 41 13.88 1 792.0
71 42 13.51 1 772.0
71 43 13.13 1 752.0
71 44 12.76 1 732.0
71 45 12.38 1 712.0
71 46 12.01 1 692.0
71 47 11.64 1 672.0
71 48 11.26 1 652.0
71 49 10.89 1 632.0
71 50 10.51 1 612.0
71 51 10.14 1 592.0
71 52 9.77 1 572.0
71 53 9.39 1 552.0
71 54 9.02 1 532.0
71 55 8.64 1 512.0
71 56 8.27 1 492.0
71 57 7.89 1 472.0
71 58 7.52 1 452.0
71 59 7.15 1 432.0
71 60 6.77 1 412.0
71 61 6.4 1 392.0
71 62 6.02 1 372.0
71 63 5.65 1 352.0
71 64 5.28 1 332.0
71 65 4.9 1 312.0
71 66 4.53 1 292.0
71 67 4.15 1 272.0
71 68 3.78 1 252.0
71 69 3.4 1 232.0
71 70 3.03 1 212.0
71 71 2.66 1 192.0
72 1 29.26 1 1614.0
72 2 28.88 1 1594.0
72 3 28.51 1 1574.0
72 4 28.14 1 1554.0
72 5 27.76 1 1534.0
72 6 27.39 1 1514.0
72 7 27.01 1 1494.0
72 8 26.64 1 1474.0
72 9 26.26 1 1454.0
72 10 25.89 1 1434.0
72 11 25.52 1 1414.0
72 12 25.14 1 1394.0
72 13 24.77 1 1374.0
72 14 24.39 1 1354.0
72 15 24.02 1 1334.0
72 16 23.65 1 1314.0
72 17 23.27 1 1294.0
72 18 22.9 1 1274.0
72 19 22.52 1 1254.0
72 20 22.15 1 1234.0
72 21 21.77 1 1214.0
72 22 21.4 1 1194.0
72 23 21.03 1 1174.0
72 24 20.65 1 1154.0
72 25 20.28 1 1134.0
72 26 19.9 1 1114.0
72 27 19.53 1 1094.0
72 28 19.16 1 1074.0
72 29 18.78 1 1054.0
72 30 18.41 1 1034.0
72 31 18.03 1 1014.0
72 32 17.66 1 994.0
72 33 17.29 1 974.0
72 34 16.91 1 954.0
72 35 16.54 1 934.0
72 36 16.16 1 914.0
72 37 15.79 1 894.0
72 38 15.41 1 874.0
72 39 15.04 1 854.0
72 40 14.67 1 834.0
72 41 14.29 1 814.0
72 42 13.92 1 794.0
72 43 13.54 1 774.0
72 44 13.17 1 754.0
72 45 12.8 1 734.0
72 46 12.42 1 714.0
72 47 12.05 1 694.0
72 48 11.67 1 674.0
72 49 11.3 1 654.0
72 50 10.92 1 634.0
72 51 10.55 1 614.0
72 52 10.18 1 594.0
72 53 9.8 1 574.0
72 54 9.43 1 554.0
72 55 9.05 1 534.0
72 56 8.68 1 514.0
72 57 8.31 1 494.0
72 58 7.93 1 474.0
72 59 7.56 1 454.0
72 60 7.18 1 434.0
72 61 6.81 1 414.0
72 62 6.44 1 394.0
72 63 6.06 1 374.0
72 64 5.69 1 354.0
72 65 5.31 1 334.0
72 66 4.94 1 314.0
72 67 4.56 1 294.0
72 68 4.19 1 274.0
72 69 3.82 1 254.0
72 70 3.44 1 234.0
72 71 3.07 1 214.0
72 72 2.69 1 194.0
73 1 29.67 1 1636.0
73 2 29.3 1 1616.0
73 3 28.92 1 1596.0
73 4 28.55 1 1576.0
73 5 28.17 1 1556.0
73 6 27.8 1 1536.0
73 7 27.42 1 1516.0
73 8 27.05 1 1496.0
73 9 26.68 1 1476.0
73 10 26.3 1 1456.0
73 11 25.93 1 1436.0
73 12 25.55 1 1416.0
73 13 25.18 1 1396.0
73 14 24.81 1 1376.0
73 15 24.43 1 1356.0
73 16 24.06 1 1336.0
73 17 23.68 1 1316.0
73 18 23.31 1 1296.0
73 19 22.93 1 1276.0
73 20 22.56 1 1256.0
73 21 22.19 1 1236.0
73 22 21.81 1 1216.0
73 23 21.44 1 1196.0
73 24 21.06 1 1176.0
73 25 20.69 1 1156.0
73 26 20.32 1 1136.0
73 27 19.94 1 1116.0
73 28 19.57 1 1096.0
73 29 19.19 1 1076.0
73 30 18.82 1 1056.0
73 31 18.45 1 1036.0
73 32 18.07 1 1016.0
73 33 17.7 1 996.0
73 34 17.32 1 976.0
73 35 16.95 1 956.0
73 36 16.57 1 936.0
73 37 16.2 1 916.0
73 38 15.83 1 896.0
73 39 15.45 1 876.0
73 40 15.08 1 856.0
73 41 14.7 1 836.0
73 42 14.33 1 816.0
73 43 13.96 1 796.0
73 44 13.58 1 776.0
73 45 13.21 1 756.0
73 46 12.83 1 736.0
73 47 12.46 1 716.0
73 48 12.08 1 696.0
73 49 11.71 1 676.0
73 50 11.34 1 656.0
73 51 10.96 1 636.0
73 52 10.59 1 616.0
73 53 10.21 1 596.0
73 54 9.84 1 576.0
73 55 9.47 1 556.0
73 56 9.09 1 536.0
73 57 8.72 1 516.0
73 58 8.34 1 496.0
73 59 7.97 1 476.0
73 60 7.6 1 456.0
73 61 7.22 1 436.0
73 62 6.85 1 416.0
73 63 6.47 1 396.0
73 64 6.1 1 376.0
73 65 5.72 1 356.0
73 66 5.35 1 336.0
73 67 4.98 1 316.0
73 68 4.6 1 296.0
73 69 4.23 1 276.0
73 70 3.85 1 256.0
73 71 3.48 1 236.0
73 72 3.11 1 216.0
73 73 2.73 1 196.0
74 1 30.08 1 1658.0
74 2 29.71 1 1638.0
74 3 29.33 1 1618.0
74 4 28.96 1 1598.0
74 5 28.58 1 1578.0
74 6 28.21 1 1558.0
74 7 27.84 1 1538.0
74 8 27.46 1 1518.0
74 9 27.09 1 1498.0
74 10 26.71 1 1478.0
74 11 26.34 1 1458.0
74 12 25.97 1 1438.0
74 13 25.59 1 1418.0
74 14 25.22 1 1398.0
74 15 24.84 1 1378.0
74 16 24.47 1 1358.0
74 17 24.09 1 1338.0
74 18 23.72 1 1318.0
74 19 23.35 1 1298.0
74 20 22.97 1 1278.0
74 21 22.6 1 1258.0
74 22 22.22 1 1238.0
74 23 21.85 1 1218.0
74 24 21.48 1 1198.0
74 25 21.1 1 1178.0
74 26 20.73 1 1158.0
74 27 20.35 1 1138.0
74 28 19.98 1 1118.0
74 29 19.6 1 1098.0
74 30 19.23 1 1078.0
74 31 18.86 1 1058.0
74 32 18.48 1 1038.0
74 33 18.11 1 1018.0
74 34 17.73 1 998.0
74 35 17.36 1 978.0
74 36 16.99 1 958.0
74 37 16.61 1 938.0
74 38 16.24 1 918.0
74 39 15.86 1 898.0
74 40 15.49 1 878.0
74 41 15.12 1 858.0
74 42 14.74 1 838.0
74 43 14.37 1 818.0
74 44 13.99 1 798.0
74 45 13.62 1 778.0
74 46 13.24 1 758.0
74 47 12.87 1 738.0
74 48 12.5 1 718.0
74 49 12.12 1 698.0
74 50 11.75 1 678.0
74 51 11.37 1 658.0
74 52 11.0 1 638.0
74 53 10.63 1 618.0
74 54 10.25 1 598.0
74 55 9.88 1 578.0
74 56 9.5 1 558.0
74 57 9.13 1 538.0
74 58 8.75 1 518.0
74 59 8.38 1 498.0
74 60 8.01 1 478.0
74 61 7.63 1 458.0
74 62 7.26 1 438.0
74 63 6.88 1 418.0
74 64 6.51 1 398.0
74 65 6.14 1 378.0
74 66 5.76 1 358.0
74 67 5.39 1 338.0
74 68 5.01 1 318.0
74 69 4.64 1 298.0
74 70 4.27 1 278.0
74 71 3.89 1 258.0
74 72 3.52 1 238.0
74 73 3.14 1 218.0
74 74 2.77 1 198.0
75 1 30.49 1 1680.0
75 2 30.12 1 1660.0
75 3 29.74 1 1640.0
75 4 29.37 1 1620.0
75 5 29.0 1 1600.0
75 6 28.62 1 1580.0
75 7 28.25 1 1560.0
75 8 27.87 1 1540.0
75 9 27.5 1 1520.0
75 10 27.13 1 1500.0
75 11 26.75 1 1480.0
75 12 26.38 1 1460.0
75 13 26.0 1 1440.0
75 14 25.63 1 1420.0
75 15 25.25 1 1400.0
75 16 24.88 1 1380.0
75 17 24.51 1 1360.0
75 18 24.13 1 1340.0
75 19 23.76 1 1320.0
75 20 23.38 1 1300.0
75 21 23.01 1 1280.0
75 22 22.64 1 1260.0
75 23 22.26 1 1240.0
75 24 21.89 1 1220.0
75 25 21.51 1 1200.0
75 26 21.14 1 1180.0
75 27 20.76 1 1160.0
75 28 20.39 1 1140.0
75 29 20.02 1 1120.0
75 30 19.64 1 1100.0
75 31 19.27 1 1080.0
75 32 18.89 1 1060.0
75 33 18.52 1 1040.0
75 34 18.15 1 1020.0
75 35 17.77 1 1000.0
75 36 17.4 1 980.0
75 37 17.02 1 960.0
75 38 16.65 1 940.0
75 39 16.28 1 920.0
75 40 15.9 1 900.0
75 41 15.53 1 880.0
75 42 15.15 1 860.0
75 43 14.78 1 840.0
75 44 14.4 1 820.0
75 45 14.03 1 800.0
75 46 13.66 1 780.0
75 47 13.28 1 760.0
75 48 12.91 1 740.0
75 49 12.53 1 720.0
75 50 12.16 1 700.0
75 51 11.79 1 680.0
75 52 11.41 1 660.0
75 53 11.04 1 640.0
75 54 10.66 1 620.0
75 55 10.29 1 600.0
75 56 9.91 1 580.0
75 57 9.54 1 560.0
75 58 9.17 1 540.0
75 59 8.79 1 520.0
75 60 8.42 1 500.0
75 61 8.04 1 480.0
75 62 7.67 1 460.0
75 63 7.3 1 440.0
75 64 6.92 1 420.0
75 65 6.55 1 400.0
75 66 6.17 1 380.0
75 67 5.8 1 360.0
75 68 5.43 1 340.0
75 69 5.05 1 320.0
75 70 4.68 1 300.0
75 71 4.3 1 280.0
75 72 3.93 1 260.0
75 73 3.55 1 240.0
75 74 3.18 1 220.0
75 75 2.81 1 200.0
76 1 30.9 1 1702.0
76 2 30.53 1 1682.0
76 3 30.16 1 1662.0
76 4 29.78 1 1642.0
76 5 29.41 1 1622.0
76 6 29.03 1 1602.0
76 7 28.66 1 1582.0
76 8 28.28 1 1562.0
76 9 27.91 1 1542.0
76 10 27.54 1 1522.0
76 11 27.16 1 1502.0
76 12 26.79 1 1482.0
76 13 26.41 1 1462.0
76 14 26.04 1 1442.0
76 15 25.67 1 1422.0
76 16 25.29 1 1402.0
76 17 24.92 1 1382.0
76 18 24.54 1 1362.0
76 19 24.17 1 1342.0
76 20 23.8 1 1322.0
76 21 23.42 1 1302.0
76 22 23.05 1 1282.0
76 23 22.67 1 1262.0
76 24 22.3 1 1242.0
76 25 21.92 1 1222.0
76 26 21.55 1 1202.0
76 27 21.18 1 1182.0
76 28 20.8 1 1162.0
76 29 20.43 1 1142.0
76 30 20.05 1 1122.0
76 31 19.68 1 1102.0
76 32 19.31 1 1082.0
76 33 18.93 1 1062.0
76 34 18.56 1 1042.0
76 35 18.18 1 1022.0
76 36 17.81 1 1002.0
76 37 17.43 1 982.0
76 38 17.06 1 962.0
76 39 16.69 1 942.0
76 40 16.31 1 922.0
76 41 15.94 1 902.0
76 42 15.56 1 882.0
76 43 15.19 1 862.0
76 44 14.82 1 842.0
76 45 14.44 1 822.0
76 46 14.07 1 802.0
76 47 13.69 1 782.0
76 48 13.32 1 762.0
76 49 12.95 1 742.0
76 50 12.57 1 722.0
76 51 12.2 1 702.0
76 52 11.82 1 682.0
76 53 11.45 1 662.0
76 54 11.07 1 642.0
76 55 10.7 1 622.0
76 56 10.33 1 602.0
76 57 9.95 1 582.0
76 58 9.58 1 562.0
76 59 9.2 1 542.0
76 60 8.83 1 522.0
76 61 8.46 1 502.0
76 62 8.08 1 482.0
76 63 7.71 1 462.0
76 64 7.33 1 442.0
76 65 6.96 1 422.0
76 66 6.58 1 402.0
76 67 6.21 1 382.0
76 68 5.84 1 362.0
76 69 5.46 1 342.0
76 70 5.09 1 322.0
76 71 4.71 1 302.0
76 72 4.34 1 282.0
76 73 3.97 1 262.0
76 74 3.59 1 242.0
76 75 3.22 1 222.0
76 76 2.84 1 202.0
77 1 31.32 1 1724.0
77 2 30.94 1 1704.0
77 3 30.57 1 1684.0
77 4 30.19 1 1664.0
77 5 29.82 1 1644.0
77 6 29.44 1 1624.0
77 7 29.07 1 1604.0
77 8 28.7 1 1584.0
77 9 28.32 1 1564.0
77 10 27.95 1 1544.0
77 11 27.57 1 1524.0
77 12 27.2 1 1504.0
77 13 26.83 1 1484.0
77 14 26.45 1 1464.0
77 15 26.08 1 1444.0
77 16 25.7 1 1424.0
77 17 25.33 1 1404.0
77 18 24.96 1 1384.0
77 19 24.58 1 1364.0
77 20 24.21 1 1344.0
77 21 23.83 1 1324.0
77 22 23.46 1 1304.0
77 23 23.08 1 1284.0
77 24 22.71 1 1264.0
77 25 22.34 1 1244.0
77 26 21.96 1 1224.0
77 27 21.59 1 1204.0
77 28 21.21 1 1184.0
77 29 20.84 1 1164.0
77 30 20.47 1 1144.0
77 31 20.09 1 1124.0
77 32 19.72 1 1104.0
77 33 19.34 1 1084.0
77 34 18.97 1 1064.0
77 35 18.59 1 1044.0
77 36 18.22 1 1024.0
77 37 17.85 1 1004.0
77 38 17.47 1 984.0
77 39 17.1 1 964.0
77 40 16.72 1 944.0
77 41 16.35 1 924.0
77 42 15.98 1 904.0
77 43 15.6 1 884.0
77 44 15.23 1 864.0
77 45 14.85 1 844.0
77 46 14.48 1 824.0
77 47 14.11 1 804.0
77 48 13.73 1 784.0
77 49 13.36 1 764.0
77 50 12.98 1 744.0
77 51 12.61 1 724.0
77 52 12.23 1 704.0
77 53 11.86 1 684.0
77 54 11.49 1 664.0
77 55 11.11 1 644.0
77 56 10.74 1 624.0
77 57 10.36 1 604.0
77 58 9.99 1 584.0
77 59 9.62 1 564.0
77 60 9.24 1 544.0
77 61 8.87 1 524.0
77 62 8.49 1 504.0
77 63 8.12 1 484.0
77 64 7.74 1 464.0
77 65 7.37 1 444.0
77 66 7.0 1 424.0
77 67 6.62 1 404.0
77 68 6.25 1 384.0
77 69 5.87 1 364.0
77 70 5.5 1 344.0
77 71 5.13 1 324.0
77 72 4.75 1 304.0
77 73 4.38 1 284.0
77 74 4.0 1 264.0
77 75 3.63 1 244.0
77 76 3.26 1 224.0
77 77 2.88 1 204.0
78 1 31.73 1 1746.0
78 2 31.35 1 1726.0
78 3 30.98 1 1706.0
78 4 30.6 1 1686.0
78 5 30.23 1 1666.0
78 6 29.86 1 1646.0
78 7 29.48 1 1626.0
78 8 29.11 1 1606.0
78 9 28.73 1 1586.0
78 10 28.36 1 1566.0
78 11 27.99 1 1546.0
78 12 27.61 1 1526.0
78 13 27.24 1 1506.0
78 14 26.86 1 1486.0
78 15 26.49 1 1466.0
78 16 26.11 1 1446.0
78 17 25.74 1 1426.0
78 18 25.37 1 1406.0
78 19 24.99 1 1386.0
78 20 24.62 1 1366.0
78 21 24.24 1 1346.0
78 22 23.87 1 1326.0
78 23 23.5 1 1306.0
78 24 23.12 1 1286.0
78 25 22.75 1 1266.0
78 26 22.37 1 1246.0
78 27 22.0 1 1226.0
78 28 21.63 1 1206.0
78 29 21.25 1 1186.0
78 30 20.88 1 1166.0
78 31 20.5 1 1146.0
78 32 20.13 1 1126.0
78 33 19.75 1 1106.0
78 34 19.38 1 1086.0
78 35 19.01 1 1066.0
78 36 18.63 1 1046.0
78 37 18.26 1 1026.0
78 38 17.88 1 1006.0
78 39 17.51 1 986.0
78 40 17.14 1 966.0
78 41 16.76 1 946.0
78 42 16.39 1 926.0
78 43 16.01 1 906.0
78 44 15.64 1 886.0
78 45 15.26 1 866.0
78 46 14.89 1 846.0
78 47 14.52 1 826.0
78 48 14.14 1 806.0
78 49 13.77 1 786.0
78 50 13.39 1 766.0
78 51 13.02 1 746.0
78 52 12.65 1 726.0
78 53 12.27 1 706.0
78 54 11.9 1 686.0
78 55 11.52 1 666.0
78 56 11.15 1 646.0
78 57 10.78 1 626.0
78 58 10.4 1 606.0
78 59 10.03 1 586.0
78 60 9.65 1 566.0
78 61 9.28 1 546.0
78 62 8.9 1 526.0
78 63 8.53 1 506.0
78 64 8.16 1 486.0
78 65 7.78 1 466.0
78 66 7.41 1 446.0
78 67 7.03 1 426.0
78 68 6.66 1 406.0
78 69 6.29 1 386.0
78 70 5.91 1 366.0
78 71 5.54 1 346.0
78 72 5.16 1 326.0
78 73 4.79 1 306.0
78 74 4.41 1 286.0
78 75 4.04 1 266.0
78 76 3.67 1 246.0
78 77 3.29 1 226.0
78 78 2.92 1 206.0
79 1 32.14 1 1768.0
79 2 31.76 1 1748.0
79 3 31.39 1 1728.0
79 4 31.02 1 1708.0
79 5 30.64 1 1688.0
79 6 30.27 1 1668.0
79 7 29.89 1 1648.0
79 8 29.52 1 1628.0
79 9 29.15 1 1608.0
79 10 28.77 1 1588.0
79 11 28.4 1 1568.0
79 12 28.02 1 1548.0
79 13 27.65 1 1528.0
79 14 27.27 1 1508.0
79 15 26.9 1 1488.0
79 16 26.53 1 1468.0
79 17 26.15 1 1448.0
79 18 25.78 1 1428.0
79 19 25.4 1 1408.0
79 20 25.03 1 1388.0
79 21 24.66 1 1368.0
79 22 24.28 1 1348.0
79 23 23.91 1 1328.0
79 24 23.53 1 1308.0
79 25 23.16 1 1288.0
79 26 22.79 1 1268.0
79 27 22.41 1 1248.0
79 28 22.04 1 1228.0
79 29 21.66 1 1208.0
79 30 21.29 1 1188.0
79 31 20.91 1 1168.0
79 32 20.54 1 1148.0
79 33 20.17 1 1128.0
79 34 19.79 1 1108.0
79 35 19.42 1 1088.0
79 36 19.04 1 1068.0
79 37 18.67 1 1048.0
79 38 18.3 1 1028.0
79 39 17.92 1 1008.0
79 40 17.55 1 988.0
79 41 17.17 1 968.0
79 42 16.8 1 948.0
79 43 16.42 1 928.0
79 44 16.05 1 908.0
79 45 15.68 1 888.0
79 46 15.3 1 868.0
79 47 14.93 1 848.0
79 48 14.55 1 828.0
79 49 14.18 1 808.0
79 50 13.81 1 788.0
79 51 13.43 1 768.0
79 52 13.06 1 748.0
79 53 12.68 1 728.0
79 54 12.31 1 708.0
79 55 11.94 1 688.0
79 56 11.56 1 668.0
79 57 11.19 1 648.0
79 58 10.81 1 628.0
79 59 10.44 1 608.0
79 60 10.06 1 588.0
79 61 9.69 1 568.0
79 62 9.32 1 548.0
79 63 8.94 1 528.0
79 64 8.57 1 508.0
79 65 8.19 1 488.0
79 66 7.82 1 468.0
79 67 7.45 1 448.0
79 68 7.07 1 428.0
79 69 6.7 1 408.0
79 70 6.32 1 388.0
79 71 5.95 1 368.0
79 72 5.57 1 348.0
79 73 5.2 1 328.0
79 74 4.83 1 308.0
79 75 4.45 1 288.0
79 76 4.08 1 268.0
79 77 3.7 1 248.0
79 78 3.33 1 228.0
79 79 2.96 1 208.0
80 1 32.55 1 1790.0
80 2 32.18 1 1770.0
80 3 31.8 1 1750.0
80 4 31.43 1 1730.0
80 5 31.05 1 1710.0
80 6 30.68 1 1690.0
80 7 30.31 1 1670.0
80 8 29.93 1 1650.0
80 9 29.56 1 1630.0
80 10 29.18 1 1610.0
80 11 28.81 1 1590.0
80 12 28.43 1 1570.0
80 13 28.06 1 1550.0
80 14 27.69 1 1530.0
80 15 27.31 1 1510.0
80 16 26.94 1 1490.0
80 17 26.56 1 1470.0
80 18 26.19 1 1450.0
80 19 25.82 1 1430.0
80 20 25.44 1 1410.0
80 21 25.07 1 1390.0
80 22 24.69 1 1370.0
80 23 24.32 1 1350.0
80 24 23.94 1 1330.0
80 25 23.57 1 1310.0
80 26 23.2 1 1290.0
80 27 22.82 1 1270.0
80 28 22.45 1 1250.0
80 29 22.07 1 1230.0
80 30 21.7 1 1210.0
80 31 21.33 1 1190.0
80 32 20.95 1 1170.0
80 33 20.58 1 1150.0
80 34 20.2 1 1130.0
80 35 19.83 1 1110.0
80 36 19.46 1 1090.0
80 37 19.08 1 1070.0
80 38 18.71 1 1050.0
80 39 18.33 1 1030.0
80 40 17.96 1 1010.0
80 41 17.58 1 990.0
80 42 17.21 1 970.0
80 43 16.84 1 950.0
80 44 16.46 1 930.0
80 45 16.09 1 910.0
80 46 15.71 1 890.0
80 47 15.34 1 870.0
80 48 14.97 1 850.0
80 49 14.59 1 830.0
80 50 14.22 1 810.0
80 51 13.84 1 790.0
80 52 13.47 1 770.0
80 53 13.09 1 750.0
80 54 12.72 1 730.0
80 55 12.35 1 710.0
80 56 11.97 1 690.0
80 57 11.6 1 670.0
80 58 11.22 1 650.0
80 59 10.85 1 630.0
80 60 10.48 1 610.0
80 61 10.1 1 590.0
80 62 9.73 1 570.0
80 63 9.35 1 550.0
80 64 8.98 1 530.0
80 65 8.61 1 510.0
80 66 8.23 1 490.0
80 67 7.86 1 470.0
80 68 7.48 1 450.0
80 69 7.11 1 430.0
80 70 6.73 1 410.0
80 71 6.36 1 390.0
80 72 5.99 1 370.0
80 73 5.61 1 350.0
80 74 5.24 1 330.0
80 75 4.86 1 310.0
80 76 4.49 1 290.0
80 77 4.12 1 270.0
80 78 3.74 1 250.0
80 79 3.37 1 230.0
80 80 2.99 1 210.0
81 1 32.96 1 1812.0
81 2 32.59 1 1792.0
81 3 32.21 1 1772.0
81 4 31.84 1 1752.0
81 5 31.47 1 1732.0
81 6 31.09 1 1712.0
81 7 30.72 1 1692.0
81 8 30.34 1 1672.0
81 9 29.97 1 1652.0
81 10 29.59 1 1632.0
81 11 29.22 1 1612.0
81 12 28.85 1 1592.0
81 13 28.47 1 1572.0
81 14 28.1 1 1552.0
81 15 27.72 1 1532.0
81 16 27.35 1 1512.0
81 17 26.98 1 1492.0
81 18 26.6 1 1472.0
81 19 26.23 1 1452.0
81 20 25.85 1 1432.0
81 21 25.48 1 1412.0
81 22 25.1 1 1392.0
81 23 24.73 1 1372.0
81 24 24.36 1 1352.0
81 25 23.98 1 1332.0
81 26 23.61 1 1312.0
81 27 23.23 1 1292.0
81 28 22.86 1 1272.0
81 29 22.49 1 1252.0
81 30 22.11 1 1232.0
81 31 21.74 1 1212.0
81 32 21.36 1 1192.0
81 33 20.99 1 1172.0
81 34 20.62 1 1152.0
81 35 20.24 1 1132.0
81 36 19.87 1 1112.0
81 37 19.49 1 1092.0
81 38 19.12 1 1072.0
81 39 18.74 1 1052.0
81 40 18.37 1 1032.0
81 41 18.0 1 1012.0
81 42 17.62 1 992.0
81 43 17.25 1 972.0
81 44 16.87 1 952.0
81 45 16.5 1 932.0
81 46 16.13 1 912.0
81 47 15.75 1 892.0
81 48 15.38 1 872.0
81 49 15.0 1 852.0
81 50 14.63 1 832.0
81 51 14.25 1 812.0
81 52 13.88 1 792.0
81 53 13.51 1 772.0
81 54 13.13 1 752.0
81 55 12.76 1 732.0
81 56 12.38 1 712.0
81 57 12.01 1 692.0
81 58 11.64 1 672.0
81 59 11.26 1 652.0
81 60 10.89 1 632.0
81 61 10.51 1 612.0
81 62 10.14 1 592.0
81 63 9.77 1 572.0
81 64 9.39 1 552.0
81 65 9.02 1 532.0
81 66 8.64 1 512.0
81 67 8.27 1 492.0
81 68 7.89 1 472.0
81 69 7.52 1 452.0
81 70 7.15 1 432.0
81 71 6.77 1 412.0
81 72 6.4 1 392.0
81 73 6.02 1 372.0
81 74 5.65 1 352.0
81 75 5.28 1 332.0
81 76 4.9 1 312.0
81 77 4.53 1 292.0
81 78 4.15 1 272.0
81 79 3.78 1 252.0
81 80 3.4 1 232.0
81 81 3.03 1 212.0
82 1 33.37 1 1834.0
82 2 33.0 1 1814.0
82 3 32.62 1 1794.0
82 4 32.25 1 1774.0
82 5 31.88 1 1754.0
82 6 31.5 1 1734.0
82 7 31.13 1 1714.0
82 8 30.75 1 1694.0
82 9 30.38 1 1674.0
82 10 30.01 1 1654.0
82 11 29.63 1 1634.0
82 12 29.26 1 1614.0
82 13 28.88 1 1594.0
82 14 28.51 1 1574.0
82 15 28.14 1 1554.0
82 16 27.76 1 1534.0
82 17 27.39 1 1514.0
82 18 27.01 1 1494.0
82 19 26.64 1 1474.0
82 20 26.26 1 1454.0
82 21 25.89 1 1434.0
82 22 25.52 1 1414.0
82 23 25.14 1 1394.0
82 24 24.77 1 1374.0
82 25 24.39 1 1354.0
82 26 24.02 1 1334.0
82 27 23.65 1 1314.0
82 28 23.27 1 1294.0
82 29 22.9 1 1274.0
82 30 22.52 1 1254.0
82 31 22.15 1 1234.0
82 32 21.77 1 1214.0
82 33 21.4 1 1194.0
82 34 21.03 1 1174.0
82 35 20.65 1 1154.0
82 36 20.28 1 1134.0
82 37 19.9 1 1114.0
82 38 19.53 1 1094.0
82 39 19.16 1 1074.0
82 40 18.78 1 1054.0
82 41 18.41 1 1034.0
82 42 18.03 1 1014.0
82 43 17.66 1 994.0
82 44 17.29 1 974.0
82 45 16.91 1 954.0
82 46 16.54 1 934.0
82 47 16.16 1 914.0
82 48 15.79 1 894.0
82 49 15.41 1 874.0
82 50 15.04 1 854.0
82 51 14.67 1 834.0
82 52 14.29 1 814.0
82 53 13.92 1 794.0
82 54 13.54 1 774.0
82 55 13.17 1 754.0
82 56 12.8 1 734.0
82 57 12.42 1 714.0
82 58 12.05 1 694.0
82 59 11.67 1 674.0
82 60 11.3 1 654.0
82 61 10.92 1 634.0
82 62 10.55 1 614.0
82 63 10.18 1 594.0
82 64 9.8 1 574.0
82 65 9.43 1 554.0
82 66 9.05 1 534.0
82 67 8.68 1 514.0
82 68 8.31 1 494.0
82 69 7.93 1 474.0
82 70 7.56 1 454.0
82 71 7.18 1 434.0
82 72 6.81 1 414.0
82 73 6.44 1 394.0
82 74 6.06 1 374.0
82 75 5.69 1 354.0
82 76 5.31 1 334.0
82 77 4.94 1 314.0
82 78 4.56 1 294.0
82 79 4.19 1 274.0
82 80 3.82 1 254.0
82 81 3.44 1 234.0
82 82 3.07 1 214.0
83 1 33.78 1 1856.0
83 2 33.41 1 1836.0
83 3 33.04 1 1816.0
83 4 32.66 1 1796.0
83 5 32.29 1 1776.0
83 6 31.91 1 1756.0
83 7 31.54 1 1736.0
83 8 31.17 1 1716.0
83 9 30.79 1 1696.0
83 10 30.42 1 1676.0
83 11 30.04 1 1656.0
83 12 29.67 1 1636.0
83 13 29.3 1 1616.0
83 14 28.92 1 1596.0
83 15 28.55 1 1576.0
83 16 28.17 1 1556.0
83 17 27.8 1 1536.0
83 18 27.42 1 1516.0
83 19 27.05 1 1496.0
83 20 26.68 1 1476.0
83 21 26.3 1 1456.0
83 22 25.93 1 1436.0
83 23 25.55 1 1416.0
83 24 25.18 1 1396.0
83 25 24.81 1 1376.0
83 26 24.43 1 1356.0
83 27 24.06 1 1336.0
83 28 23.68 1 1316.0
83 29 23.31 1 1296.0
83 30 22.93 1 1276.0
83 31 22.56 1 1256.0
83 32 22.19 1 1236.0
83 33 21.81 1 1216.0
83 34 21.44 1 1196.0
83 35 21.06 1 1176.0
83 36 20.69 1 1156.0
83 37 20.32 1 1136.0
83 38 19.94 1 1116.0
83 39 19.57 1 1096.0
83 40 19.19 1 1076.0
83 41 18.82 1 1056.0
83 42 18.45 1 1036.0
83 43 18.07 1 1016.0
83 44 17.7 1 996.0
83 45 17.32 1 976.0
83 46 16.95 1 956.0
83 47 16.57 1 936.0
83 48 16.2 1 916.0
83 49 15.83 1 896.0
83 50 15.45 1 876.0
83 51 15.08 1 856.0
83 52 14.7 1 836.0
83 53 14.33 1 816.0
83 54 13.96 1 796.0
83 55 13.58 1 776.0
83 56 13.21 1 756.0
83 57 12.83 1 736.0
83 58 12.46 1 716.0
83 59 12.08 1 696.0
83 60 11.71 1 676.0
83 61 11.34 1 656.0
83 62 10.96 1 636.0
83 63 10.59 1 616.0
83 64 10.21 1 596.0
83 65 9.84 1 576.0
83 66 9.47 1 556.0
83 67 9.09 1 536.0
83 68 8.72 1 516.0
83 69 8.34 1 496.0
83 70 7.97 1 476.0
83 71 7.6 1 456.0
83 72 7.22 1 436.0
83 73 6.85 1 416.0
83 74 6.47 1 396.0
83 75 6.1 1 376.0
83 76 5.72 1 356.0
83 77 5.35 1 336.0
83 78 4.98 1 316.0
83 79 4.6 1 296.0
83 80 4.23 1 276.0
83 81 3.85 1 256.0
83 82 3.48 1 236.0
83 83 3.11 1 216.0
84 1 34.2 1 1878.0
84 2 33.82 1 1858.0
84 3 33.45 1 1838.0
84 4 33.07 1 1818.0
84 5 32.7 1 1798.0
84 6 32.33 1 1778.0
84 7 31.95 1 1758.0
84 8 31.58 1 1738.0
84 9 31.2 1 1718.0
84 10 30.83 1 1698.0
84 11 30.45 1 1678.0
84 12 30.08 1 1658.0
84 13 29.71 1 1638.0
84 14 29.33 1 1618.0
84 15 28.96 1 1598.0
84 16 28.58 1 1578.0
84 17 28.21 1 1558.0
84 18 27.84 1 1538.0
84 19 27.46 1 1518.0
84 20 27.09 1 1498.0
84 21 26.71 1 1478.0
84 22 26.34 1 1458.0
84 23 25.97 1 1438.0
84 24 25.59 1 1418.0
84 25 25.22 1 1398.0
84 26 24.84 1 1378.0
84 27 24.47 1 1358.0
84 28 24.09 1 1338.0
84 29 23.72 1 1318.0
84 30 23.35 1 1298.0
84 31 22.97 1 1278.0
84 32 22.6 1 1258.0
84 33 22.22 1 1238.0
84 34 21.85 1 1218.0
84 35 21.48 1 1198.0
84 36 21.1 1 1178.0
84 37 20.73 1 1158.0
84 38 20.35 1 1138.0
84 39 19.98 1 1118.0
84 40 19.6 1 1098.0
84 41 19.23 1 1078.0
84 42 18.86 1 1058.0
84 43 18.48 1 1038.0
84 44 18.11 1 1018.0
84 45 17.73 1 998.0
84 46 17.36 1 978.0
84 47 16.99 1 958.0
84 48 16.61 1 938.0
84 49 16.24 1 918.0
84 50 15.86 1 898.0
84 51 15.49 1 878.0
84 52 15.12 1 858.0
84 53 14.74 1 838.0
84 54 14.37 1 818.0
84 55 13.99 1 798.0
84 56 13.62 1 778.0
84 57 13.24 1 758.0
84 58 12.87 1 738.0
84 59 12.5 1 718.0
84 60 12.12 1 698.0
84 61 11.75 1 678.0
84 62 11.37 1 658.0
84 63 11.0 1 638.0
84 64 10.63 1 618.0
84 65 10.25 1 598.0
84 66 9.88 1 578.0
84 67 9.5 1 558.0
84 68 9.13 1 538.0
84 69 8.75 1 518.0
84 70 8.38 1 498.0
84 71 8.01 1 478.0
84 72 7.63 1 458.0
84 73 7.26 1 438.0
84 74 6.88 1 418.0
84 75 6.51 1 398.0
84 76 6.14 1 378.0
84 77 5.76 1 358.0
84 78 5.39 1 338.0
84 79 5.01 1 318.0
84 80 4.64 1 298.0
84 81 4.27 1 278.0
84 82 3.89 1 258.0
84 83 3.52 1 238.0
84 84 3.14 1 218.0
85 1 34.61 1 1900.0
85 2 34.23 1 1880.0
85 3 33.86 1 1860.0
85 4 33.49 1 1840.0
85 5 33.11 1 1820.0
85 6 32.74 1 1800.0
85 7 32.36 1 1780.0
85 8 31.99 1 1760.0
85 9 31.61 1 1740.0
85 10 31.24 1 1720.0
85 11 30.87 1 1700.0
85 12 30.49 1 1680.0
85 13 30.12 1 1660.0
85 14 29.74 1 1640.0
85 15 29.37 1 1620.0
85 16 29.0 1 1600.0
85 17 28.62 1 1580.0
85 18 28.25 1 1560.0
85 19 27.87 1 1540.0
85 20 27.5 1 1520.0
85 21 27.13 1 1500.0
85 22 26.75 1 1480.0
85 23 26.38 1 1460.0
85 24 26.0 1 1440.0
85 25 25.63 1 1420.0
85 26 25.25 1 1400.0
85 27 24.88 1 1380.0
85 28 24.51 1 1360.0
85 29 24.13 1 1340.0
85 30 23.76 1 1320.0
85 31 23.38 1 1300.0
85 32 23.01 1 1280.0
85 33 22.64 1 1260.0
85 34 22.26 1 1240.0
85 35 21.89 1 1220.0
85 36 21.51 1 1200.0
85 37 21.14 1 1180.0
85 38 20.76 1 1160.0
85 39 20.39 1 1140.0
85 40 20.02 1 1120.0
85 41 19.64 1 1100.0
85 42 19.27 1 1080.0
85 43 18.89 1 1060.0
85 44 18.52 1 1040.0
85 45 18.15 1 1020.0
85 46 17.77 1 1000.0
85 47 17.4 1 980.0
85 48 17.02 1 960.0
85 49 16.65 1 940.0
85 50 16.28 1 920.0
85 51 15.9 1 900.0
85 52 15.53 1 880.0
85 53 15.15 1 860.0
85 54 14.78 1 840.0
85 55 14.4 1 820.0
85 56 14.03 1 800.0
85 57 13.66 1 780.0
85 58 13.28 1 760.0
85 59 12.91 1 740.0
85 60 12.53 1 720.0
85 61 12.16 1 700.0
85 62 11.79 1 680.0
85 63 11.41 1 660.0
85 64 11.04 1 640.0
85 65 10.66 1 620.0
85 66 10.29 1 600.0
85 67 9.91 1 580.0
85 68 9.54 1 560.0
85 69 9.17 1 540.0
85 70 8.79 1 520.0
85 71 8.42 1 500.0
85 72 8.04 1 480.0
85 73 7.67 1 460.0
85 74 7.3 1 440.0
85 75 6.92 1 420.0
85 76 6.55 1 400.0
85 77 6.17 1 380.0
85 78 5.8 1 360.0
85 79 5.43 1 340.0
85 80 5.05 1 320.0
85 81 4.68 1 300.0
85 82 4.3 1 280.0
85 83 3.93 1 260.0
85 84 3.55 1 240.0
85 85 3.18 1 220.0
86 1 35.02 1 1922.0
86 2 34.65 1 1902.0
86 3 34.27 1 1882.0
86 4 33.9 1 1862.0
86 5 33.52 1 1842.0
86 6 33.15 1 1822.0
86 7 32.77 1 1802.0
86 8 32.4 1 1782.0
86 9 32.03 1 1762.0
86 10 31.65 1 1742.0
86 11 31.28 1 1722.0
86 12 30.9 1 1702.0
86 13 30.53 1 1682.0
86 14 30.16 1 1662.0
86 15 29.78 1 1642.0
86 16 29.41 1 1622.0
86 17 29.03 1 1602.0
86 18 28.66 1 1582.0
86 19 28.28 1 1562.0
86 20 27.91 1 1542.0
86 21 27.54 1 1522.0
86 22 27.16 1 1502.0
86 23 26.79 1 1482.0
86 24 26.41 1 1462.0
86 25 26.04 1 1442.0
86 26 25.67 1 1422.0
86 27 25.29 1 1402.0
86 28 24.92 1 1382.0
86 29 24.54 1 1362.0
86 30 24.17 1 1342.0
86 31 23.8 1 1322.0
86 32 23.42 1 1302.0
86 33 23.05 1 1282.0
86 34 22.67 1 1262.0
86 35 22.3 1 1242.0
86 36 21.92 1 1222.0
86 37 21.55 1 1202.0
86 38 21.18 1 1182.0
86 39 20.8 1 1162.0
86 40 20.43 1 1142.0
86 41 20.05 1 1122.0
86 42 19.68 1 1102.0
86 43 19.31 1 1082.0
86 44 18.93 1 1062.0
86 45 18.56 1 1042.0
86 46 18.18 1 1022.0
86 47 17.81 1 1002.0
86 48 17.43 1 982.0
86 49 17.06 1 962.0
86 50 16.69 1 942.0
86 51 16.31 1 922.0
86 52 15.94 1 902.0
86 53 15.56 1 882.0
86 54 15.19 1 862.0
86 55 14.82 1 842.0
86 56 14.44 1 822.0
86 57 14.07 1 802.0
86 58 13.69 1 782.0
86 59 13.32 1 762.0
86 60 12.95 1 742.0
86 61 12.57 1 722.0
86 62 12.2 1 702.0
86 63 11.82 1 682.0
86 64 11.45 1 662.0
86 65 11.07 1 642.0
86 66 10.7 1 622.0
86 67 10.33 1 602.0
86 68 9.95 1 582.0
86 69 9.58 1 562.0
86 70 9.2 1 542.0
86 71 8.83 1 522.0
86 72 8.46 1 502.0
86 73 8.08 1 482.0
86 74 7.71 1 462.0
86 75 7.33 1 442.0
86 76 6.96 1 422.0
86 77 6.58 1 402.0
86 78 6.21 1 382.0
86 79 5.84 1 362.0
86 80 5.46 1 342.0
86 81 5.09 1 322.0
86 82 4.71 1 302.0
86 83 4.34 1 282.0
86 84 3.97 1 262.0
86 85 3.59 1 242.0
86 86 3.22 1 222.0
87 1 35.43 1 1944.0
87 2 35.06 1 1924.0
87 3 34.68 1 1904.0
87 4 34.31 1 1884.0
87 5 33.93 1 1864.0
87 6 33.56 1 1844.0
87 7 33.19 1 1824.0
87 8 32.81 1 1804.0
87 9 32.44 1 1784.0
87 10 32.06 1 1764.0
87 11 31.69 1 1744.0
87 12 31.32 1 1724.0
87 13 30.94 1 1704.0
87 14 30.57 1 1684.0
87 15 30.19 1 1664.0
87 16 29.82 1 1644.0
87 17 29.44 1 1624.0
87 18 29.07 1 1604.0
87 19 28.7 1 1584.0
87 20 28.32 1 1564.0
87 21 27.95 1 1544.0
87 22 27.57 1 1524.0
87 23 27.2 1 1504.0
87 24 26.83 1 1484.0
87 25 26.45 1 1464.0
87 26 26.08 1 1444.0
87 27 25.7 1 1424.0
87 28 25.33 1 1404.0
87 29 24.96 1 1384.0
87 30 24.58 1 1364.0
87 31 24.21 1 1344.0
87 32 23.83 1 1324.0
87 33 23.46 1 1304.0
87 34 23.08 1 1284.0
87 35 22.71 1 1264.0
87 36 22.34 1 1244.0
87 37 21.96 1 1224.0
87 38 21.59 1 1204.0
87 39 21.21 1 1184.0
87 40 20.84 1 1164.0
87 41 20.47 1 1144.0
87 42 20.09 1 1124.0
87 43 19.72 1 1104.0
87 44 19.34 1 1084.0
87 45 18.97 1 1064.0
87 46 18.59 1 1044.0
87 47 18.22 1 1024.0
87 48 17.85 1 1004.0
87 49 17.47 1 984.0
87 50 17.1 1 964.0
87 51 16.72 1 944.0
87 52 16.35 1 924.0
87 53 15.98 1 904.0
87 54 15.6 1 884.0
87 55 15.23 1 864.0
87 56 14.85 1 844.0
87 57 14.48 1 824.0
87 58 14.11 1 804.0
87 59 13.73 1 784.0
87 60 13.36 1 764.0
87 61 12.98 1 744.0
87 62 12.61 1 724.0
87 63 12.23 1 704.0
87 64 11.86 1 684.0
87 65 11.49 1 664.0
87 66 11.11 1 644.0
87 67 10.74 1 624.0
87 68 10.36 1 604.0
87 69 9.99 1 584.0
87 70 9.62 1 564.0
87 71 9.24 1 544.0
87 72 8.87 1 524.0
87 73 8.49 1 504.0
87 74 8.12 1 484.0
87 75 7.74 1 464.0
87 76 7.37 1 444.0
87 77 7.0 1 424.0
87 78 6.62 1 404.0
87 79 6.25 1 384.0
87 80 5.87 1 364.0
87 81 5.5 1 344.0
87 82 5.13 1 324.0
87 83 4.75 1 304.0
87 84 4.38 1 284.0
87 85 4.0 1 264.0
87 86 3.63 1 244.0
87 87 3.26 1 224.0
88 1 35.84 1 1966.0
88 2 35.47 1 1946.0
88 3 35.09 1 1926.0
88 4 34.72 1 1906.0
88 5 34.35 1 1886.0
88 6 33.97 1 1866.0
88 7 33.6 1 1846.0
88 8 33.22 1 1826.0
88 9 32.85 1 1806.0
88 10 32.48 1 1786.0
88 11 32.1 1 1766.0
88 12 31.73 1 1746.0
88 13 31.35 1 1726.0
88 14 30.98 1 1706.0
88 15 30.6 1 1686.0
88 16 30.23 1 1666.0
88 17 29.86 1 1646.0
88 18 29.48 1 1626.0
88 19 29.11 1 1606.0
88 20 28.73 1 1586.0
88 21 28.36 1 1566.0
88 22 27.99 1 1546.0
88 23 27.61 1 1526.0
88 24 27.24 1 1506.0
88 25 26.86 1 1486.0
88 26 26.49 1 1466.0
88 27 26.11 1 1446.0
88 28 25.74 1 1426.0
88 29 25.37 1 1406.0
88 30 24.99 1 1386.0
88 31 24.62 1 1366.0
88 32 24.24 1 1346.0
88 33 23.87 1 1326.0
88 34 23.5 1 1306.0
88 35 23.12 1 1286.0
88 36 22.75 1 1266.0
88 37 22.37 1 1246.0
88 38 22.0 1 1226.0
88 39 21.63 1 1206.0
88 40 21.25 1 1186.0
88 41 20.88 1 1166.0
88 42 20.5 1 1146.0
88 43 20.13 1 1126.0
88 44 19.75 1 1106.0
88 45 19.38 1 1086.0
88 46 19.01 1 1066.0
88 47 18.63 1 1046.0
88 48 18.26 1 1026.0
88 49 17.88 1 1006.0
88 50 17.51 1 986.0
88 51 17.14 1 966.0
88 52 16.76 1 946.0
88 53 16.39 1 926.0
88 54 16.01 1 906.0
88 55 15.64 1 886.0
88 56 15.26 1 866.0
88 57 14.89 1 846.0
88 58 14.52 1 826.0
88 59 14.14 1 806.0
88 60 13.77 1 786.0
88 61 13.39 1 766.0
88 62 13.02 1 746.0
88 63 12.65 1 726.0
88 64 12.27 1 706.0
88 65 11.9 1 686.0
88 66 11.52 1 666.0
88 67 11.15 1 646.0
88 68 10.78 1 626.0
88 69 10.4 1 606.0
88 70 10.03 1 586.0
88 71 9.65 1 566.0
88 72 9.28 1 546.0
88 73 8.9 1 526.0
88 74 8.53 1 506.0
88 75 8.16 1 486.0
88 76 7.78 1 466.0
88 77 7.41 1 446.0
88 78 7.03 1 426.0
88 79 6.66 1 406.0
88 80 6.29 1 386.0
88 81 5.91 1 366.0
88 82 5.54 1 346.0
88 83 5.16 1 326.0
88 84 4.79 1 306.0
88 85 4.41 1 286.0
88 86 4.04 1 266.0
88 87 3.67 1 246.0
88 88 3.29 1 226.0
89 1 17.47 1 984.0
89 2 17.1 1 964.0
89 3 16.72 1 944.0
89 4 16.35 1 924.0
89 5 15.98 1 904.0
89 6 15.6 1 884.0
89 7 15.23 1 864.0
89 8 14.85 1 844.0
89 9 14.48 1 824.0
89 10 14.11 1 804.0
89 11 13.73 1 784.0
89 12 13.36 1 764.0
89 13 12.98 1 744.0
89 14 12.61 1 724.0
89 15 12.23 1 704.0
89 16 11.86 1 684.0
89 17 11.49 1 664.0
89 18 11.11 1 644.0
89 19 10.74 1 624.0
89 20 10.36 1 604.0
89 21 9.99 1 584.0
89 22 9.62 1 564.0
89 23 9.24 1 544.0
89 24 8.87 1 524.0
89 25 8.49 1 504.0
89 26 8.12 1 484.0
89 27 7.74 1 464.0
89 28 7.37 1 444.0
89 29 7.0 1 424.0
89 30 6.62 1 404.0
89 31 6.25 1 384.0
89 32 5.87 1 364.0
89 33 5.5 1 344.0
89 34 5.13 1 324.0
89 35 4.75 1 304.0
89 36 4.38 1 284.0
89 37 4.0 1 264.0
89 38 3.63 1 244.0
89 39 3.26 1 224.0
89 40 2.88 1 204.0
89 41 2.51 1 184.0
89 42 2.13 1 164.0
89 43 1.76 1 144.0
89 44 1.38 1 124.0
89 45 1.01 1 104.0
89 46 0.64 1 84.0
89 47 0.5 1 64.0
89 48 17.47 2 984.0
89 49 17.1 2 964.0
89 50 16.72 2 944.0
89 51 16.35 2 924.0
89 52 15.98 2 904.0
89 53 15.6 2 884.0
89 54 15.23 2 864.0
89 55 14.85 2 844.0
89 56 14.48 2 824.0
89 57 14.11 2 804.0
89 58 13.73 2 784.0
89 59 13.36 2 764.0
89 60 12.98 2 744.0
89 61 12.61 2 724.0
89 62 12.23 2 704.0
89 63 11.86 2 684.0
89 64 11.49 2 664.0
89 65 11.11 2 644.0
89 66 10.74 2 624.0
89 67 10.36 2 604.0
89 68 9.99 2 584.0
89 69 9.62 2 564.0
89 70 9.24 2 544.0
89 71 8.87 2 524.0
89 72 8.49 2 504.0
89 73 8.12 2 484.0
89 74 7.74 2 464.0
89 75 7.37 2 444.0
89 76 7.0 2 424.0
89 77 6.62 2 404.0
89 78 6.25 2 384.0
89 79 5.87 2 364.0
89 80 5.5 2 344.0
89 81 5.13 2 324.0
89 82 4.75 2 304.0
89 83 4.38 2 284.0
89 84 4.0 2 264.0
89 85 3.63 2 244.0
89 86 3.26 2 224.0
89 87 2.88 2 204.0
89 88 2.51 2 184.0
89 89 2.13 2 164.0
90 1 17.68 1 995.0
90 2 17.3 1 975.0
90 3 16.93 1 955.0
90 4 16.56 1 935.0
90 5 16.18 1 915.0
90 6 15.81 1 895.0
90 7 15.43 1 875.0
90 8 15.06 1 855.0
90 9 14.68 1 835.0
90 10 14.31 1 815.0
90 11 13.94 1 795.0
90 12 13.56 1 775.0
90 13 13.19 1 755.0
90 14 12.81 1 735.0
90 15 12.44 1 715.0
90 16 12.07 1 695.0
90 17 11.69 1 675.0
90 18 11.32 1 655.0
90 19 10.94 1 635.0
90 20 10.57 1 615.0
90 21 10.2 1 595.0
90 22 9.82 1 575.0
90 23 9.45 1 555.0
90 24 9.07 1 535.0
90 25 8.7 1 515.0
90 26 8.32 1 495.0
90 27 7.95 1 475.0
90 28 7.58 1 455.0
90 29 7.2 1 435.0
90 30 6.83 1 415.0
90 31 6.45 1 395.0
90 32 6.08 1 375.0
90 33 5.71 1 355.0
90 34 5.33 1 335.0
90 35 4.96 1 315.0
90 36 4.58 1 295.0
90 37 4.21 1 275.0
90 38 3.83 1 255.0
90 39 3.46 1 235.0
90 40 3.09 1 215.0
90 41 2.71 1 195.0
90 42 2.34 1 175.0
90 43 1.96 1 155.0
90 44 1.59 1 135.0
90 45 1.22 1 115.0
90 46 0.84 1 95.0
90 47 0.5 1 75.0
90 48 0.5 1 55.0
90 49 17.68 2 995.0
90 50 17.3 2 975.0
90 51 16.93 2 955.0
90 52 16.56 2 935.0
90 53 16.18 2 915.0
90 54 15.81 2 895.0
90 55 15.43 2 875.0
90 56 15.06 2 855.0
90 57 14.68 2 835.0
90 58 14.31 2 815.0
90 59 13.94 2 795.0
90 60 13.56 2 775.0
90 61 13.19 2 755.0
90 62 12.81 2 735.0
90 63 12.44 2 715.0
90 64 12.07 2 695.0
90 65 11.69 2 675.0
90 66 11.32 2 655.0
90 67 10.94 2 635.0
90 68 10.57 2 615.0
90 69 10.2 2 595.0
90 70 9.82 2 575.0
90 71 9.45 2 555.0
90 72 9.07 2 535.0
90 73 8.7 2 515.0
90 74 8.32 2 495.0
90 75 7.95 2 475.0
90 76 7.58 2 455.0
90 77 7.2 2 435.0
90 78 6.83 2 415.0
90 79 6.45 2 395.0
90 80 6.08 2 375.0
90 81 5.71 2 355.0
90 82 5.33 2 335.0
90 83 4.96 2 315.0
90 84 4.58 2 295.0
90 85 4.21 2 275.0
90 86 3.83 2 255.0
90 87 3.46 2 235.0
90 88 3.09 2 215.0
90 89 2.71 2 195.0
90 90 2.34 2 175.0
91 1 18.35 1 1031.0
91 2 17.98 1 1011.0
91 3 17.6 1 991.0
91 4 17.23 1 971.0
91 5 16.85 1 951.0
91 6 16.48 1 931.0
91 7 16.11 1 911.0
91 8 15.73 1 891.0
91 9 15.36 1 871.0
91 10 14.98 1 851.0
91 11 14.61 1 831.0
91 12 14.24 1 811.0
91 13 13.86 1 791.0
91 14 13.49 1 771.0
91 15 13.11 1 751.0
91 16 12.74 1 731.0
91 17 12.37 1 711.0
91 18 11.99 1 691.0
91 19 11.62 1 671.0
91 20 11.24 1 651.0
91 21 10.87 1 631.0
91 22 10.49 1 611.0
91 23 10.12 1 591.0
91 24 9.75 1 571.0
91 25 9.37 1 551.0
91 26 9.0 1 531.0
91 27 8.62 1 511.0
91 28 8.25 1 491.0
91 29 7.88 1 471.0
91 30 7.5 1 451.0
91 31 7.13 1 431.0
91 32 6.75 1 411.0
91 33 6.38 1 391.0
91 34 6.0 1 371.0
91 35 5.63 1 351.0
91 36 5.26 1 331.0
91 37 4.88 1 311.0
91 38 4.51 1 291.0
91 39 4.13 1 271.0
91 40 3.76 1 251.0
91 41 3.39 1 231.0
91 42 3.01 1 211.0
91 43 2.64 1 191.0
91 44 2.26 1 171.0
91 45 1.89 1 151.0
91 46 1.52 1 131.0
91 47 1.14 1 111.0
91 48 0.77 1 91.0
91 49 0.5 1 71.0
91 50 0.5 1 51.0
91 51 18.35 2 1031.0
91 52 17.98 2 1011.0
91 53 17.6 2 991.0
91 54 17.23 2 971.0
91 55 16.85 2 951.0
91 56 16.48 2 931.0
91 57 16.11 2 911.0
91 58 15.73 2 891.0
91 59 15.36 2 871.0
91 60 14.98 2 851.0
91 61 14.61 2 831.0
91 62 14.24 2 811.0
91 63 13.86 2 791.0
91 64 13.49 2 771.0
91 65 13.11 2 751.0
91 66 12.74 2 731.0
91 67 12.37 2 711.0
91 68 11.99 2 691.0
91 69 11.62 2 671.0
91 70 11.24 2 651.0
91 71 10.87 2 631.0
91 72 10.49 2 611.0
91 73 10.12 2 591.0
91 74 9.75 2 571.0
91 75 9.37 2 551.0
91 76 9.0 2 531.0
91 77 8.62 2 511.0
91 78 8.25 2 491.0
91 79 7.88 2 471.0
91 80 7.5 2 451.0
91 81 7.13 2 431.0
91 82 6.75 2 411.0
91 83 6.38 2 391.0
91 84 6.0 2 371.0
91 85 5.63 2 351.0
91 86 5.26 2 331.0
91 87 4.88 2 311.0
91 88 4.51 2 291.0
91 89 4.13 2 271.0
91 90 3.76 2 251.0
91 91 3.39 2 231.0
92 1 18.56 1 1042.0
92 2 18.18 1 1022.0
92 3 17.81 1 1002.0
92 4 17.43 1 982.0
92 5 17.06 1 962.0
92 6 16.69 1 942.0
92 7 16.31 1 922.0
92 8 15.94 1 902.0
92 9 15.56 1 882.0
92 10 15.19 1 862.0
92 11 14.82 1 842.0
92 12 14.44 1 822.0
92 13 14.07 1 802.0
92 14 13.69 1 782.0
92 15 13.32 1 762.0
92 16 12.95 1 742.0
92 17 12.57 1 722.0
92 18 12.2 1 702.0
92 19 11.82 1 682.0
92 20 11.45 1 662.0
92 21 11.07 1 642.0
92 22 10.7 1 622.0
92 23 10.33 1 602.0
92 24 9.95 1 582.0
92 25 9.58 1 562.0
92 26 9.2 1 542.0
92 27 8.83 1 522.0
92 28 8.46 1 502.0
92 29 8.08 1 482.0
92 30 7.71 1 462.0
92 31 7.33 1 442.0
92 32 6.96 1 422.0
92 33 6.58 1 402.0
92 34 6.21 1 382.0
92 35 5.84 1 362.0
92 36 5.46 1 342.0
92 37 5.09 1 322.0
92 38 4.71 1 302.0
92 39 4.34 1 282.0
92 40 3.97 1 262.0
92 41 3.59 1 242.0
92 42 3.22 1 222.0
92 43 2.84 1 202.0
92 44 2.47 1 182.0
92 45 2.1 1 162.0
92 46 1.72 1 142.0
92 47 1.35 1 122.0
92 48 0.97 1 102.0
92 49 0.6 1 82.0
92 50 0.5 1 62.0
92 51 18.56 2 1042.0
92 52 18.18 2 1022.0
92 53 17.81 2 1002.0
92 54 17.43 2 982.0
92 55 17.06 2 962.0
92 56 16.69 2 942.0
92 57 16.31 2 922.0
92 58 15.94 2 902.0
92 59 15.56 2 882.0
92 60 15.19 2 862.0
92 61 14.82 2 842.0
92 62 14.44 2 822.0
92 63 14.07 2 802.0
92 64 13.69 2 782.0
92 65 13.32 2 762.0
92 66 12.95 2 742.0
92 67 12.57 2 722.0
92 68 12.2 2 702.0
92 69 11.82 2 682.0
92 70 11.45 2 662.0
92 71 11.07 2 642.0
92 72 10.7 2 622.0
92 73 10.33 2 602.0
92 74 9.95 2 582.0
92 75 9.58 2 562.0
92 76 9.2 2 542.0
92 77 8.83 2 522.0
92 78 8.46 2 502.0
92 79 8.08 2 482.0
92 80 7.71 2 462.0
92 81 7.33 2 442.0
92 82 6.96 2 422.0
92 83 6.58 2 402.0
92 84 6.21 2 382.0
92 85 5.84 2 362.0
92 86 5.46 2 342.0
92 87 5.09 2 322.0
92 88 4.71 2 302.0
92 89 4.34 2 282.0
92 90 3.97 2 262.0
92 91 3.59 2 242.0
92 92 3.22 2 222.0
93 1 18.76 1 1053.0
93 2 18.39 1 1033.0
93 3 18.01 1 1013.0
93 4 17.64 1 993.0
93 5 17.27 1 973.0
93 6 16.89 1 953.0
93 7 16.52 1 933.0
93 8 16.14 1 913.0
93 9 15.77 1 893.0
93 10 15.4 1 873.0
93 11 15.02 1 853.0
93 12 14.65 1 833.0
93 13 14.27 1 813.0
93 14 13.9 1 793.0
93 15 13.53 1 773.0
93 16 13.15 1 753.0
93 17 12.78 1 733.0
93 18 12.4 1 713.0
93 19 12.03 1 693.0
93 20 11.65 1 673.0
93 21 11.28 1 653.0
93 22 10.91 1 633.0
93 23 10.53 1 613.0
93 24 10.16 1 593.0
93 25 9.78 1 573.0
93 26 9.41 1 553.0
93 27 9.04 1 533.0
93 28 8.66 1 513.0
93 29 8.29 1 493.0
93 30 7.91 1 473.0
93 31 7.54 1 453.0
93 32 7.16 1 433.0
93 33 6.79 1 413.0
93 34 6.42 1 393.0
93 35 6.04 1 373.0
93 36 5.67 1 353.0
93 37 5.29 1 333.0
93 38 4.92 1 313.0
93 39 4.55 1 293.0
93 40 4.17 1 273.0
93 41 3.8 1 253.0
93 42 3.42 1 233.0
93 43 3.05 1 213.0
93 44 2.68 1 193.0
93 45 2.3 1 173.0
93 46 1.93 1 153.0
93 47 1.55 1 133.0
93 48 1.18 1 113.0
93 49 0.8 1 93.0
93 50 0.5 1 73.0
93 51 0.5 1 53.0
93 52 18.76 2 1053.0
93 53 18.39 2 1033.0
93 54 18.01 2 1013.0
93 55 17.64 2 993.0
93 56 17.27 2 973.0
93 57 16.89 2 953.0
93 58 16.52 2 933.0
93 59 16.14 2 913.0
93 60 15.77 2 893.0
93 61 15.4 2 873.0
93 62 15.02 2 853.0
93 63 14.65 2 833.0
93 64 14.27 2 813.0
93 65 13.9 2 793.0
93 66 13.53 2 773.0
93 67 13.15 2 753.0
93 68 12.78 2 733.0
93 69 12.4 2 713.0
93 70 12.03 2 693.0
93 71 11.65 2 673.0
93 72 11.28 2 653.0
93 73 10.91 2 633.0
93 74 10.53 2 613.0
93 75 10.16 2 593.0
93 76 9.78 2 573.0
93 77 9.41 2 553.0
93 78 9.04 2 533.0
93 79 8.66 2 513.0
93 80 8.29 2 493.0
93 81 7.91 2 473.0
93 82 7.54 2 453.0
93 83 7.16 2 433.0
93 84 6.79 2 413.0
93 85 6.42 2 393.0
93 86 6.04 2 373.0
93 87 5.67 2 353.0
93 88 5.29 2 333.0
93 89 4.92 2 313.0
93 90 4.55 2 293.0
93 91 4.17 2 273.0
93 92 3.8 2 253.0
93 93 3.42 2 233.0
94 1 18.97 1 1064.0
94 2 18.59 1 1044.0
94 3 18.22 1 1024.0
94 4 17.85 1 1004.0
94 5 17.47 1 984.0
94 6 17.1 1 964.0
94 7 16.72 1 944.0
94 8 16.35 1 924.0
94 9 15.98 1 904.0
94 10 15.6 1 884.0
94 11 15.23 1 864.0
94 12 14.85 1 844.0
94 13 14.48 1 824.0
94 14 14.11 1 804.0
94 15 13.73 1 784.0
94 16 13.36 1 764.0
94 17 12.98 1 744.0
94 18 12.61 1 724.0
94 19 12.23 1 704.0
94 20 11.86 1 684.0
94 21 11.49 1 664.0
94 22 11.11 1 644.0
94 23 10.74 1 624.0
94 24 10.36 1 604.0
94 25 9.99 1 584.0
94 26 9.62 1 564.0
94 27 9.24 1 544.0
94 28 8.87 1 524.0
94 29 8.49 1 504.0
94 30 8.12 1 484.0
94 31 7.74 1 464.0
94 32 7.37 1 444.0
94 33 7.0 1 424.0
94 34 6.62 1 404.0
94 35 6.25 1 384.0
94 36 5.87 1 364.0
94 37 5.5 1 344.0
94 38 5.13 1 324.0
94 39 4.75 1 304.0
94 40 4.38 1 284.0
94 41 4.0 1 264.0
94 42 3.63 1 244.0
94 43 3.26 1 224.0
94 44 2.88 1 204.0
94 45 2.51 1 184.0
94 46 2.13 1 164.0
94 47 1.76 1 144.0
94 48 1.38 1 124.0
94 49 1.01 1 104.0
94 50 0.64 1 84.0
94 51 0.5 1 64.0
94 52 18.97 2 1064.0
94 53 18.59 2 1044.0
94 54 18.22 2 1024.0
94 55 17.85 2 1004.0
94 56 17.47 2 984.0
94 57 17.1 2 964.0
94 58 16.72 2 944.0
94 59 16.35 2 924.0
94 60 15.98 2 904.0
94 61 15.6 2 884.0
94 62 15.23 2 864.0
94 63 14.85 2 844.0
94 64 14.48 2 824.0
94 65 14.11 2 804.0
94 66 13.73 2 784.0
94 67 13.36 2 764.0
94 68 12.98 2 744.0
94 69 12.61 2 724.0
94 70 12.23 2 704.0
94 71 11.86 2 684.0
94 72 11.49 2 664.0
94 73 11.11 2 644.0
94 74 10.74 2 624.0
94 75 10.36 2 604.0
94 76 9.99 2 584.0
94 77 9.62 2 564.0
94 78 9.24 2 544.0
94 79 8.87 2 524.0
94 80 8.49 2 504.0
94 81 8.12 2 484.0
94 82 7.74 2 464.0
94 83 7.37 2 444.0
94 84 7.0 2 424.0
94 85 6.62 2 404.0
94 86 6.25 2 384.0
94 87 5.87 2 364.0
94 88 5.5 2 344.0
94 89 5.13 2 324.0
94 90 4.75 2 304.0
94 91 4.38 2 284.0
94 92 4.0 2 264.0
94 93 3.63 2 244.0
94 94 3.26 2 224.0
95 1 19.17 1 1075.0
95 2 18.8 1 1055.0
95 3 18.43 1 1035.0
95 4 18.05 1 1015.0
95 5 17.68 1 995.0
95 6 17.3 1 975.0
95 7 16.93 1 955.0
95 8 16.56 1 935.0
95 9 16.18 1 915.0
95 10 15.81 1 895.0
95 11 15.43 1 875.0
95 12 15.06 1 855.0
95 13 14.68 1 835.0
95 14 14.31 1 815.0
95 15 13.94 1 795.0
95 16 13.56 1 775.0
95 17 13.19 1 755.0
95 18 12.81 1 735.0
95 19 12.44 1 715.0
95 20 12.07 1 695.0
95 21 11.69 1 675.0
95 22 11.32 1 655.0
95 23 10.94 1 635.0
95 24 10.57 1 615.0
95 25 10.2 1 595.0
95 26 9.82 1 575.0
95 27 9.45 1 555.0
95 28 9.07 1 535.0
95 29 8.7 1 515.0
95 30 8.32 1 495.0
95 31 7.95 1 475.0
95 32 7.58 1 455.0
95 33 7.2 1 435.0
95 34 6.83 1 415.0
95 35 6.45 1 395.0
95 36 6.08 1 375.0
95 37 5.71 1 355.0
95 38 5.33 1 335.0
95 39 4.96 1 315.0
95 40 4.58 1 295.0
95 41 4.21 1 275.0
95 42 3.83 1 255.0
95 43 3.46 1 235.0
95 44 3.09 1 215.0
95 45 2.71 1 195.0
95 46 2.34 1 175.0
95 47 1.96 1 155.0
95 48 1.59 1 135.0
95 49 1.22 1 115.0
95 50 0.84 1 95.0
95 51 0.5 1 75.0
95 52 0.5 1 55.0
95 53 19.17 2 1075.0
95 54 18.8 2 1055.0
95 55 18.43 2 1035.0
95 56 18.05 2 1015.0
95 57 17.68 2 995.0
95 58 17.3 2 975.0
95 59 16.93 2 955.0
95 60 16.56 2 935.0
95 61 16.18 2 915.0
95 62 15.81 2 895.0
95 63 15.43 2 875.0
95 64 15.06 2 855.0
95 65 14.68 2 835.0
95 66 14.31 2 815.0
95 67 13.94 2 795.0
95 68 13.56 2 775.0
95 69 13.19 2 755.0
95 70 12.81 2 735.0
95 71 12.44 2 715.0
95 72 12.07 2 695.0
95 73 11.69 2 675.0
95 74 11.32 2 655.0
95 75 10.94 2 635.0
95 76 10.57 2 615.0
95 77 10.2 2 595.0
95 78 9.82 2 575.0
95 79 9.45 2 555.0
95 80 9.07 2 535.0
95 81 8.7 2 515.0
95 82 8.32 2 495.0
95 83 7.95 2 475.0
95 84 7.58 2 455.0
95 85 7.2 2 435.0
95 86 6.83 2 415.0
95 87 6.45 2 395.0
95 88 6.08 2 375.0
95 89 5.71 2 355.0
95 90 5.33 2 335.0
95 91 4.96 2 315.0
95 92 4.58 2 295.0
95 93 4.21 2 275.0
95 94 3.83 2 255.0
95 95 3.46 2 235.0
96 1 19.38 1 1086.0
96 2 19.01 1 1066.0
96 3 18.63 1 1046.0
96 4 18.26 1 1026.0
96 5 17.88 1 1006.0
96 6 17.51 1 986.0
96 7 17.14 1 966.0
96 8 16.76 1 946.0
96 9 16.39 1 926.0
96 10 16.01 1 906.0
96 11 15.64 1 886.0
96 12 15.26 1 866.0
96 13 14.89 1 846.0
96 14 14.52 1 826.0
96 15 14.14 1 806.0
96 16 13.77 1 786.0
96 17 13.39 1 766.0
96 18 13.02 1 746.0
96 19 12.65 1 726.0
96 20 12.27 1 706.0
96 21 11.9 1 686.0
96 22 11.52 1 666.0
96 23 11.15 1 646.0
96 24 10.78 1 626.0
96 25 10.4 1 606.0
96 26 10.03 1 586.0
96 27 9.65 1 566.0
96 28 9.28 1 546.0
96 29 8.9 1 526.0
96 30 8.53 1 506.0
96 31 8.16 1 486.0
96 32 7.78 1 466.0
96 33 7.41 1 446.0
96 34 7.03 1 426.0
96 35 6.66 1 406.0
96 36 6.29 1 386.0
96 37 5.91 1 366.0
96 38 5.54 1 346.0
96 39 5.16 1 326.0
96 40 4.79 1 306.0
96 41 4.41 1 286.0
96 42 4.04 1 266.0
96 43 3.67 1 246.0
96 44 3.29 1 226.0
96 45 2.92 1 206.0
96 46 2.54 1 186.0
96 47 2.17 1 166.0
96 48 1.8 1 146.0
96 49 1.42 1 126.0
96 50 1.05 1 106.0
96 51 0.67 1 86.0
96 52 0.5 1 66.0
96 53 19.38 2 1086.0
96 54 19.01 2 1066.0
96 55 18.63 2 1046.0
96 56 18.26 2 1026.0
96 57 17.88 2 1006.0
96 58 17.51 2 986.0
96 59 17.14 2 966.0
96 60 16.76 2 946.0
96 61 16.39 2 926.0
96 62 16.01 2 906.0
96 63 15.64 2 886.0
96 64 15.26 2 866.0
96 65 14.89 2 846.0
96 66 14.52 2 826.0
96 67 14.14 2 806.0
96 68 13.77 2 786.0
96 69 13.39 2 766.0
96 70 13.02 2 746.0
96 71 12.65 2 726.0
96 72 12.27 2 706.0
96 73 11.9 2 686.0
96 74 11.52 2 666.0
96 75 11.15 2 646.0
96 76 10.78 2 626.0
96 77 10.4 2 606.0
96 78 10.03 2 586.0
96 79 9.65 2 566.0
96 80 9.28 2 546.0
96 81 8.9 2 526.0
96 82 8.53 2 506.0
96 83 8.16 2 486.0
96 84 7.78 2 466.0
96 85 7.41 2 446.0
96 86 7.03 2 426.0
96 87 6.66 2 406.0
96 88 6.29 2 386.0
96 89 5.91 2 366.0
96 90 5.54 2 346.0
96 91 5.16 2 326.0
96 92 4.79 2 306.0
96 93 4.41 2 286.0
96 94 4.04 2 266.0
96 95 3.67 2 246.0
96 96 3.29 2 226.0
